map center: 39.563353,-118.586426
station 	lat,long 	x,y
7odm 	34.11641,-117.09319	736,1120
agmt 	34.59428,-116.42938	796,1067
alpp 	34.82449,-118.6948	590,1042
ana1 	34.01501,-119.36347	529,1131
aoa1 	34.15744,-118.83032	578,1115
argu 	36.05001,-117.52194	697,905
arm1 	35.20125,-118.91042	571,1000
arm2 	35.20126,-118.91056	570,1000
avry 	34.4683,-117.15397	730,1081
azry 	33.54007,-116.6297	778,1183
azu1 	34.12602,-117.89649	663,1119
bald 	37.78343,-118.90139	571,708
bar1 	33.48045,-119.02974	560,1190
bbdm 	34.5822,-119.98151	473,1069
bbry 	34.26428,-116.88424	755,1104
bcwr 	34.92046,-119.40585	525,1031
bemt 	34.00053,-115.99819	836,1133
bepk 	35.87839,-118.07409	647,924
bgis 	33.96712,-118.1597	639,1136
bill 	33.57824,-117.0646	739,1179
bkms 	33.96226,-118.0947	645,1137
bkr1 	35.13239,-119.10948	552,1008
bkr2 	35.13258,-119.10929	552,1008
blsa 	33.79954,-118.02868	651,1155
blyt 	33.61041,-114.71485	952,1175
bmhl 	34.25145,-116.05298	831,1105
bmry 	33.96268,-116.9847	746,1137
bran 	34.18489,-118.27705	628,1112
brpk 	34.68228,-118.57681	601,1058
bsry 	34.91861,-117.01199	743,1031
btdm 	34.29281,-118.18823	636,1101
bvpp 	35.15728,-119.34751	531,1005
ca99 	37.64456,-118.89669	572,724
cact 	33.65514,-115.98995	836,1171
cand 	35.93935,-120.4337	432,917
carh 	35.88838,-120.43082	432,923
carr 	35.88835,-120.43084	432,923
casa 	37.64464,-118.89666	572,724
cat1 	33.44577,-118.48301	609,1193
cat2 	33.31162,-118.33382	623,1208
cbhs 	34.13856,-118.62981	596,1118
cccc 	35.56531,-117.67117	683,959
ccco 	33.87626,-118.2112	634,1146
cccs 	33.86274,-117.86494	666,1148
ccst 	34.80636,-119.01347	561,1044
cdmt 	34.82947,-116.33593	805,1041
cgdm 	34.24399,-117.96495	657,1106
chab 	37.72412,-122.11931	278,714
chil 	34.33342,-118.026	651,1096
chms 	34.64046,-117.8277	669,1062
cho1 	39.43264,-121.66496	320,515
cirx 	34.10955,-118.9373	568,1121
cit1 	34.13671,-118.12729	642,1118
cjms 	34.3138,-117.47938	701,1098
clar 	34.10993,-117.70881	680,1121
cmbb 	38.03418,-120.38604	436,679
cme1 	40.44177,-124.39633	71,396
cmp9 	34.35318,-118.41142	616,1094
cndr 	37.89641,-121.2785	355,695
cnpp 	33.85763,-117.60892	689,1148
coma 	37.26425,-119.69014	500,767
copr 	34.41491,-119.87953	482,1087
coso 	35.98234,-117.80889	671,913
cotd 	33.73249,-116.38689	800,1162
cpbn 	35.07173,-117.57302	692,1014
crbt 	35.79161,-120.75075	403,934
crfp 	34.03905,-117.09968	735,1128
crhs 	33.8235,-118.27277	629,1152
crrs 	33.06981,-115.73504	860,1234
cru1 	34.02926,-119.78481	491,1130
csci 	34.1684,-119.03898	559,1114
csdh 	33.86148,-118.25672	630,1148
csn1 	34.25355,-118.52381	606,1105
csst 	34.40809,-119.37125	529,1088
ctdm 	34.51655,-118.61321	598,1076
ctms 	34.1241,-116.37043	802,1119
cuhs 	34.94265,-119.67395	501,1029
cvhs 	34.08201,-117.90172	662,1124
dam2 	34.33484,-118.39686	617,1096
dam3 	34.33399,-118.39747	617,1096
ddmn 	37.74418,-118.98119	564,712
dech 	38.05149,-119.0906	554,677
desc 	32.82992,-116.6418	777,1260
dhlg 	33.38981,-115.78803	855,1200
diab 	37.87858,-121.91563	297,697
dond 	37.26425,-119.69012	500,767
dshs 	34.02393,-118.34854	622,1130
dsme 	33.03648,-117.24953	722,1238
dssc 	33.73333,-116.71209	771,1162
dvle 	33.70058,-117.00069	744,1166
dvls 	33.69114,-117.05362	740,1167
dvlw 	33.65769,-117.06744	738,1170
dvne 	33.69354,-116.99371	745,1166
dvnw 	33.6734,-117.06612	738,1169
dvpb 	34.41341,-117.86013	666,1087
dvse 	33.6808,-116.99039	745,1168
dvsw 	33.66791,-117.06605	738,1169
dyhs 	33.93799,-118.12598	642,1140
ecco 	33.88675,-118.32903	623,1145
ecfs 	33.64768,-117.41169	707,1171
edpp 	34.94619,-118.83041	578,1028
elsc 	34.02973,-118.20843	634,1130
ese2 	33.67479,-116.99386	745,1168
esrw 	33.68178,-117.06695	738,1168
ewpp 	34.1042,-117.52559	697,1121
farb 	37.69721,-123.00077	198,717
fgst 	34.73301,-120.00938	470,1052
fmtp 	34.40986,-118.89414	572,1088
fmvt 	34.35634,-118.88403	573,1094
fvpk 	33.66233,-117.93571	659,1170
fxhs 	34.0806,-118.35948	621,1124
fzhs 	34.80019,-118.89338	572,1045
gdec 	35.18941,-119.86368	484,1001
ghrp 	34.20389,-117.39789	708,1110
glrs 	33.27481,-115.52137	879,1212
gmpk 	33.05109,-114.82735	942,1236
gnps 	34.30856,-114.18945	1000,1099
gol2 	35.42516,-116.88925	754,975
gold 	35.42516,-116.88925	754,975
gvrs 	34.04745,-118.11289	643,1128
harv 	34.4694,-120.68207	409,1081
hbco 	33.78365,-118.28579	627,1157
hcmn 	34.75477,-116.43008	796,1050
hcro 	40.81592,-121.4699	338,351
hivi 	34.75992,-117.79945	672,1049
hnps 	33.70501,-115.63534	869,1165
hogs 	35.86671,-120.4795	428,926
hol3 	34.45816,-117.84513	667,1082
holc 	34.45819,-117.84516	667,1082
holp 	33.92454,-118.16817	638,1141
hopb 	38.99518,-123.07473	191,567
hotk 	37.65859,-118.82125	579,722
hunt 	35.88081,-120.40238	435,924
hvys 	34.44123,-119.18754	545,1084
i40a 	34.72732,-115.91145	843,1053
iid2 	32.70617,-115.0318	924,1274
imps 	34.15756,-115.1451	913,1115
islk 	35.66227,-118.4743	610,948
ivco 	32.82938,-115.50679	880,1260
jnpr 	37.77174,-119.08474	555,709
jplm 	34.20482,-118.17323	638,1110
kbrc 	34.39853,-119.0082	562,1089
knol 	37.65912,-118.97917	564,722
krac 	37.71331,-118.88047	573,716
kyvw 	33.92537,-116.1734	820,1141
land 	35.89979,-120.47328	428,922
lapc 	34.18192,-118.57465	601,1113
lasc 	33.92794,-118.30651	625,1141
lbc1 	33.83207,-118.13718	641,1151
lbc2 	33.79161,-118.17324	638,1156
lbch 	33.78777,-118.20334	635,1156
ldes 	34.26734,-116.4328	796,1103
ldsw 	34.69943,-116.20914	816,1056
leep 	34.1346,-118.32175	624,1118
lema 	36.29202,-119.78239	491,878
lfrs 	34.09507,-118.41283	616,1122
linc 	37.63719,-119.01729	561,724
linj 	34.66202,-118.1392	641,1060
ljrn 	34.80752,-118.86774	574,1044
ll01 	34.48546,-117.83496	668,1079
llas 	34.58598,-117.83793	668,1068
lnc1 	38.84651,-121.35024	348,584
lnco 	36.35996,-119.05791	557,870
lnmt 	35.0902,-116.93965	750,1012
long 	34.1119,-118.00341	653,1120
lors 	34.13333,-117.75407	676,1118
lows 	35.82871,-120.59428	417,930
lphs 	34.02677,-117.95672	657,1130
lutz 	37.28685,-121.86523	302,765
lvms 	34.73361,-119.10369	553,1052
masw 	35.8326,-120.44306	431,929
mat2 	33.85676,-117.4367	705,1148
mee1 	36.1869,-120.7586	402,889
mhcb 	37.34153,-121.64258	322,758
mhms 	33.93905,-118.24413	631,1139
mida 	35.92191,-120.45883	430,919
mig1 	34.03826,-120.35139	439,1129
mins 	37.65376,-119.0609	557,722
mjpk 	33.71448,-117.55047	694,1164
mlfp 	33.9184,-117.31796	715,1142
mnmc 	35.96947,-120.43405	432,914
modb 	41.90233,-120.30283	444,219
monb 	37.48533,-121.86687	301,742
monp 	32.89194,-116.42235	797,1254
mpwd 	34.29551,-118.87802	573,1100
mrdm 	34.17523,-117.88169	664,1114
msob 	34.23084,-117.21013	725,1107
mta1 	34.05522,-118.2455	631,1127
muln 	36.56508,-120.09161	463,847
musb 	37.16994,-119.30935	534,778
musd 	34.261604,-119.09605	554,1104
mvfd 	33.21087,-116.52531	788,1219
mwtp 	37.64052,-118.94473	567,724
nbps 	34.50862,-116.14817	822,1077
nhrg 	34.49866,-119.14126	549,1078
noco 	33.91971,-117.56958	693,1142
nopk 	33.97974,-118.34801	622,1135
nsss 	32.57931,-116.97268	747,1287
oaes 	34.14101,-116.06774	829,1117
oeoc 	33.76586,-117.74414	677,1158
oghs 	33.13061,-117.04177	741,1228
ohln 	38.00625,-122.27299	264,682
opbl 	34.36988,-115.91806	843,1092
opcl 	34.42772,-116.30546	808,1086
opcp 	34.36713,-116.08337	828,1092
opcx 	34.43008,-116.14948	822,1085
oprd 	34.53303,-116.29228	809,1074
ores 	34.73906,-120.27856	446,1051
ormt 	34.6749,-116.81509	761,1058
orvb 	39.55463,-121.50029	335,501
ovls 	34.32736,-119.14195	549,1097
oxmt 	37.49936,-122.42432	251,740
oxyc 	34.12881,-118.20731	635,1119
ozst 	34.68337,-119.35341	530,1057
p091 	36.61432,-117.53154	696,841
p093 	36.60603,-117.99414	654,842
p141 	39.04663,-120.38558	436,561
p144 	39.4667,-120.89299	390,511
p147 	39.93739,-120.28441	445,456
p154 	41.80708,-123.36005	165,231
p174 	36.30215,-121.0509	376,876
p176 	37.47177,-122.35714	257,743
p178 	37.53452,-122.33236	259,736
p180 	36.29283,-121.40324	344,878
p184 	39.11716,-123.70894	134,553
p186 	39.15018,-123.51815	151,549
p193 	38.12294,-122.90814	207,668
p195 	38.66466,-122.95931	202,605
p202 	38.42358,-122.496	244,633
p203 	38.86611,-122.917	206,582
p204 	38.6665,-122.71053	225,605
p209 	37.06925,-122.12671	278,789
p211 	36.87918,-121.69804	317,811
p215 	37.04878,-121.76295	311,792
p216 	37.00243,-121.72621	314,797
p221 	37.33695,-122.09905	280,759
p232 	36.72402,-121.57904	328,829
p235 	36.81427,-121.54154	331,818
p237 	36.63702,-121.38683	345,839
p241 	37.21301,-121.57426	328,773
p243 	36.91819,-121.33515	350,807
p248 	37.97561,-121.8687	301,685
p250 	36.95004,-121.26844	356,803
p254 	37.48963,-121.4692	338,741
p258 	37.38539,-121.28327	355,753
p279 	35.79065,-121.06202	375,934
p286 	36.51591,-120.85306	394,852
p289 	36.10684,-120.74882	403,898
p299 	36.25682,-120.7102	407,882
p310 	38.73561,-120.33434	441,597
p323 	39.84575,-122.96344	202,467
p330 	40.32407,-123.13558	186,410
p331 	40.73291,-123.32414	169,361
p333 	39.62138,-122.97575	200,493
p337 	40.29619,-122.8688	210,413
p343 	40.88713,-123.33421	168,342
p393 	43.2345,-117.89204	663,54
p463 	36.02247,-117.16467	729,908
p465 	36.46683,-118.13243	641,858
p466 	36.53125,-117.78946	673,851
p468 	36.97568,-118.11836	643,800
p469 	37.23142,-117.93581	659,771
p475 	32.6664,-117.24393	722,1278
p487 	33.21353,-116.18307	819,1219
p488 	33.20102,-116.07881	828,1220
p489 	33.29621,-116.11161	825,1210
p492 	32.88705,-115.96945	838,1254
p503 	32.94892,-115.72018	861,1247
p513 	34.90726,-120.65017	412,1033
p519 	34.50781,-119.79244	490,1077
p524 	35.16608,-120.5909	418,1004
p531 	35.79269,-120.5366	422,934
p534 	37.06123,-122.23761	268,790
p535 	35.23513,-120.10142	462,996
p549 	34.5996,-119.32634	533,1067
p550 	34.66008,-119.11462	552,1060
p564 	35.62291,-119.34939	531,953
p568 	35.25431,-118.12651	642,994
p569 	35.37797,-118.12377	642,980
p570 	35.66735,-118.26004	630,948
p580 	35.62095,-117.19223	727,953
p585 	34.01935,-116.54575	786,1131
p592 	35.23855,-117.30323	717,996
p593 	35.38787,-117.20506	726,979
p597 	35.7106,-116.8884	755,943
p598 	34.19246,-116.71027	771,1112
p609 	34.06269,-116.89282	754,1126
p613 	34.19619,-117.04996	740,1111
p614 	34.73179,-115.25026	904,1052
p616 	35.42456,-117.89333	663,975
p625 	34.84444,-114.96514	930,1040
p627 	37.9731,-118.37852	619,686
p628 	37.93423,-119.24935	540,690
p630 	37.61304,-119.00044	562,727
p634 	37.69659,-119.02578	560,718
p635 	37.83931,-119.13799	550,701
p636 	37.96277,-119.14671	549,687
p640 	37.89174,-118.96041	566,695
p643 	37.56155,-118.69816	590,733
p644 	37.49539,-118.6844	591,741
p646 	37.67703,-118.81999	579,720
p649 	37.90346,-118.73623	586,694
p650 	37.89128,-118.5549	603,695
p651 	37.56311,-118.38698	618,733
p652 	37.58916,-118.23845	632,730
p653 	37.7375,-118.47166	610,713
p656 	41.34484,-122.19584	271,287
p657 	41.38124,-122.29385	263,282
p658 	41.47918,-122.19091	272,271
p661 	41.4636,-122.31267	261,272
p663 	41.53194,-122.15292	275,264
p665 	40.45613,-121.52575	332,394
p666 	40.46535,-121.51451	333,393
p670 	40.53991,-121.5772	328,384
p726	37.28053,-118.1467	640,765
p727 	37.27358,-118.46677	611,766
p729 	34.26308,-119.09606	554,1104
p730 	41.3592,-120.82825	396,285
p731 	41.33251,-120.47276	428,288
p740 	33.59819,-116.59597	781,1177
p741 	33.55747,-116.53102	787,1181
p742 	33.49554,-116.60257	781,1188
p744 	32.82938,-115.5084	880,1260
pbl1 	37.853054,-122.418945	251,700
pbl2 	37.853226,-122.419395	251,699
pbpp 	34.50823,-117.92257	660,1077
phlb 	34.92542,-117.69448	681,1031
pin1 	33.61216,-116.45816	794,1175
pin2 	33.61215,-116.45762	794,1175
pkdb 	35.94524,-120.54156	422,917
pkrd 	34.07156,-118.2329	632,1125
plo3 	32.66542,-117.24303	722,1278
pmhs 	33.90263,-118.15369	639,1143
pmob 	33.35724,-116.85955	757,1203
pmtn 	37.83137,-119.05693	557,702
pomm 	35.91991,-120.47844	428,920
potb 	38.20263,-121.93539	295,659
potr 	32.61841,-116.59086	782,1283
ppbf 	33.83573,-117.18209	728,1151
ppt1 	37.18709,-122.38995	254,776
psap 	33.81924,-116.49399	790,1153
psdm 	34.09176,-117.80709	671,1123
ptrb 	37.99618,-123.01872	197,683
ptsg 	41.78274,-124.2552	84,234
pve3 	33.7433,-118.40426	617,1161
pvhs 	33.77945,-118.37216	620,1157
pvrs 	33.77386,-118.32059	624,1158
qhtp 	34.62868,-118.24481	631,1064
quin 	39.97455,-120.94443	385,451
raap 	33.04224,-116.91725	752,1237
ramt 	35.33871,-117.68335	682,985
rbru 	36.75913,-119.82867	487,825
rca2 	34.49998,-119.72	497,1078
rdmt 	34.64394,-116.62469	779,1062
rdom 	37.67707,-118.89794	572,720
rhcl 	34.01905,-118.02617	651,1131
rnch 	35.89999,-120.52483	424,922
roch 	33.61102,-116.60977	780,1175
rock 	34.23567,-118.67643	592,1107
roge 	36.21788,-117.08547	737,886
rstp 	34.87508,-118.19293	636,1036
rsvy 	34.54148,-119.18443	546,1073
rths 	34.08915,-117.35333	712,1123
ryan 	36.31628,-116.65008	776,875
s300 	37.66651,-121.55827	329,721
sacy 	33.74325,-117.89558	663,1161
saob 	36.7653,-121.44719	340,824
sawc 	37.6899,-118.95317	567,718
sbcc 	33.553,-117.66149	684,1182
sbrn 	37.68622,-122.41044	252,719
scia 	34.60745,-117.3883	709,1066
scip 	32.91443,-118.48794	609,1251
scms 	33.44414,-117.63456	687,1194
sdhl 	34.25501,-116.2789	810,1105
sfdm 	34.45981,-118.75451	585,1082
sgdm 	34.20563,-117.8617	666,1110
sghs 	34.08863,-118.10898	643,1123
sgps 	33.91254,-116.69569	772,1142
shin 	40.59168,-120.22504	451,378
shos 	35.97135,-116.29898	808,914
sibe 	34.62426,-116.01558	834,1064
silk 	34.10286,-118.26387	629,1121
sio3 	32.8647,-117.25041	722,1257
sio5 	32.84073,-117.24969	722,1259
skyb 	34.43862,-118.47863	610,1085
slac 	37.41652,-122.20426	271,750
slms 	33.29223,-115.97784	837,1210
snhs 	33.92734,-117.92863	660,1141
sni1 	33.24787,-119.52437	515,1215
sodb 	37.1664,-121.92552	296,778
somt 	34.31994,-119.06433	557,1098
spk1 	34.05934,-118.64616	595,1126
spms 	33.99265,-117.84878	667,1134
srs1 	34.00434,-120.06522	465,1132
suaa 	37.426907,-122.17329	274,748
sutb 	39.20584,-121.8206	306,542
svin 	38.03318,-122.52632	241,679
tabl 	34.38185,-117.67828	683,1091
tblp 	35.91741,-120.36034	439,920
thal 	37.35149,-121.93549	295,757
thcp 	35.15818,-118.41457	616,1005
tibb 	37.89088,-122.4476	249,695
tilc 	37.61889,-118.86285	575,726
tjrn 	34.48347,-120.13256	459,1080
tmap 	33.64125,-116.16046	821,1172
torp 	33.7978,-118.3306	623,1155
tost 	34.24796,-118.83666	577,1106
trak 	33.61794,-117.80343	671,1175
trnd 	41.05389,-124.15087	94,322
troy 	34.8386,-116.53055	787,1040
twms 	33.97245,-117.72552	678,1136
uclp 	34.06912,-118.44191	613,1125
ucsb 	34.41331,-119.84381	486,1087
usc1 	34.02395,-118.28511	627,1130
usgc 	33.03006,-116.08533	828,1239
uslo 	35.3118,-120.66109	411,988
van1 	34.82661,-120.56351	420,1042
van2 	34.82646,-120.56329	420,1042
vcst 	34.8515,-119.48386	518,1039
vdcy 	34.17857,-118.22	633,1113
vimt 	34.12645,-118.51441	607,1119
vnco 	34.27576,-119.23767	541,1102
vncx 	34.29319,-118.48454	609,1101
vndp 	34.55631,-120.61645	415,1072
vnps 	34.50148,-118.12116	642,1078
vtis 	33.71264,-118.29382	627,1164
vyas 	34.03092,-117.99205	654,1129
watc 	37.66433,-118.65389	594,721
wchs 	34.0619,-117.91111	661,1126
wgpp 	35.01085,-118.98369	564,1021
whc1 	33.97988,-118.03117	651,1135
whyt 	33.67449,-117.64346	686,1168
widc 	33.93476,-116.39178	800,1140
wint 	37.65264,-122.14057	276,723
wkpk 	34.5685,-118.74152	586,1070
wlsn 	34.22612,-118.05591	648,1108
wmap 	34.25942,-118.41429	616,1104
wnra 	34.04324,-118.05926	648,1128
womt 	34.66901,-116.93167	751,1059
wrhs 	33.95815,-118.42761	614,1137
wwmt 	33.95531,-116.65386	776,1138
ybhb 	41.73166,-122.71074	225,240
