4	1   
4	2   
4	3   
4	4   
4	5   
4	6   
1	7   
1	8   
1	9   
1	10   
1	11   
1	12   
1	13   
1	14   
1	15   
1	16   
1	17   
1	18   
1	19   
1	20   
1	21   
1	22   
1	23   
1	24   
1	25   
1	26   
1	27   
1	28   
1	29   
1	30   
1	31   
1	32   
1	33   
1	34   
1	35   
1	36   
1	37   
1	38   
1	39   
1	40   
1	41   
1	42   
1	43   
1	44   
1	45   
1	46   
1	47   
1	48   
1	49   
1	50   
1	51   
1	52   
1	53   
1	54   
1	55   
1	56   
1	57   
1	58   
1	59   
1	60   
1	61   
1	62   
1	63   
1	64   
1	65   
1	66   
1	67   
1	68   
1	69   
1	70   
1	71   
1	72   
1	73   
1	74   
1	75   
1	76   
1	77   
1	78   
1	79   
1	80   
1	81   
1	82   
1	83   
1	84   
1	85   
1	86   
1	87   
1	88   
1	89   
1	90   
1	91   
2	92   
2	93   
2	94   
2	95   
2	96   
2	97   
2	98   
2	99   
2	100   
2	101   
1	102   
1	103   
1	104   
1	105   
1	106   
1	107   
1	108   
1	109   
1	110   
1	111   
1	112   
1	113   
1	114   
1	115   
1	116   
1	117   
1	118   
1	119   
1	120   
1	121   
1	122   
1	123   
1	124   
1	125   
1	126   
1	127   
1	128   
1	129   
1	130   
1	131   
1	132   
1	133   
1	134   
1	135   
1	136   
1	137   
1	138   
1	139   
1	140   
1	141   
1	142   
1	143   
1	144   
1	145   
1	146   
1	147   
1	148   
1	149   
1	150   
1	151   
1	152   
1	153   
1	154   
1	155   
1	156   
3	157   
3	158   
3	159   
3	160   
3	161   
3	162   
3	163   
3	164   
3	165   
3	166   
3	167   
3	168   
3	169   
3	170   
3	171   
3	172   
3	173   
3	174   
3	175   
3	176   
3	177   
3	178   
3	179   
3	180   
3	181   
3	182   
3	183   
3	184   
3	185   
3	186   
3	187   
3	188   
3	189   
3	190   
3	191   
3	192   
3	193   
3	194   
3	195   
3	196   
3	197   
3	198   
3	199   
3	200   
3	201   
3	202   
3	203   
3	204   
3	205   
3	206   
3	207   
3	208   
3	209   
3	210   
3	211   
3	212   
3	213   
3	214   
3	215   
3	216   
3	217   
3	218   
3	219   
3	220   
3	221   
3	222   
3	223   
3	224   
3	225   
3	226   
3	227   
3	228   
3	229   
3	230   
3	231   
3	232   
3	233   
3	234   
3	235   
3	236   
3	237   
3	238   
3	239   
3	240   
3	241   
3	242   
3	243   
3	244   
3	245   
3	246   
3	247   
3	248   
3	249   
3	250   
3	251   
3	252   
3	253   
3	254   
3	255   
3	256   
3	257   
3	258   
3	259   
3	260   
3	261   
3	262   
3	263   
3	264   
4	265   
4	266   
4	267   
4	268   
4	269   
4	270   
4	271   
4	272   
4	273   
4	274   
4	275   
4	276   
4	277   
4	278   
4	279   
4	280   
3	281   
3	282   
3	283   
3	284   
3	285   
3	286   
3	287   
4	288   
4	289   
4	290   
4	291   
4	292   
4	293   
4	294   
4	295   
4	296   
4	297   
4	298   
4	299   
4	300   
4	301   
4	302   
4	303   
4	304   
4	305   
4	306   
4	307   
4	308   
4	309   
4	310   
4	311   
4	312   
4	313   
4	314   
4	315   
4	316   
4	317   
4	318   
4	319   
4	320   
4	321   
4	322   
4	323   
4	324   
4	325   
4	326   
4	327   
4	328   
4	329   
4	330   
4	331   
4	332   
4	333   
4	334   
4	335   
4	336   
1	337   
1	338   
1	339   
1	340   
1	341   
1	342   
1	343   
4	344   
4	345   
4	346   
4	347   
4	348   
4	349   
4	350   
4	351   
4	352   
4	353   
4	354   
4	355   
4	356   
4	357   
4	358   
4	359   
4	360   
4	361   
4	362   
4	363   
4	364   
4	365   
4	366   
4	367   
4	368   
4	369   
4	370   
4	371   
4	372   
4	373   
4	374   
4	375   
4	376   
4	377   
4	378   
4	379   
4	380   
4	381   
4	382   
4	383   
4	384   
4	385   
4	386   
4	387   
4	388   
4	389   
4	390   
4	391   
4	392   
4	393   
4	394   
4	395   
4	396   
4	397   
4	398   
4	399   
4	400   
4	401   
4	402   
4	403   
4	404   
4	405   
4	406   
4	407   
4	408   
4	409   
4	410   
4	411   
4	412   
4	413   
4	414   
4	415   
4	416   
4	417   
4	418   
4	419   
4	420   
4	421   
4	422   
4	423   
4	424   
4	425   
4	426   
4	427   
4	428   
4	429   
4	430   
4	431   
4	432   
4	433   
4	434   
1	435   
1	436   
1	437   
1	438   
1	439   
1	440   
1	441   
1	442   
1	443   
1	444   
1	445   
1	446   
1	447   
1	448   
1	449   
1	450   
1	451   
1	452   
1	453   
1	454   
1	455   
1	456   
1	457   
1	458   
1	459   
1	460   
1	461   
1	462   
1	463   
1	464   
1	465   
1	466   
1	467   
1	468   
1	469   
1	470   
1	471   
1	472   
1	473   
1	474   
1	475   
1	476   
1	477   
1	478   
1	479   
1	480   
1	481   
1	482   
1	483   
1	484   
4	485   
4	486   
4	487   
4	488   
4	489   
4	490   
4	491   
4	492   
4	493   
4	494   
1	495   
1	496   
1	497   
1	498   
1	499   
1	500   
1	501   
1	502   
1	503   
1	504   
1	505   
1	506   
1	507   
1	508   
1	509   
1	510   
1	511   
1	512   
1	513   
1	514   
1	515   
1	516   
1	517   
1	518   
1	519   
1	520   
1	521   
1	522   
1	523   
1	524   
1	525   
1	526   
1	527   
1	528   
1	529   
1	530   
1	531   
1	532   
1	533   
1	534   
1	535   
1	536   
1	537   
1	538   
1	539   
1	540   
1	541   
1	542   
1	543   
1	544   
1	545   
1	546   
1	547   
1	548   
1	549   
1	550   
1	551   
2	552   
2	553   
2	554   
2	555   
2	556   
2	557   
2	558   
2	559   
2	560   
2	561   
2	562   
2	563   
2	564   
2	565   
2	566   
2	567   
2	568   
2	569   
2	570   
2	571   
2	572   
2	573   
2	574   
2	575   
2	576   
2	577   
2	578   
2	579   
2	580   
2	581   
2	582   
2	583   
2	584   
2	585   
2	586   
2	587   
2	588   
2	589   
2	590   
2	591   
2	592   
2	593   
2	594   
2	595   
2	596   
2	597   
2	598   
2	599   
2	600   
2	601   
2	602   
2	603   
2	604   
2	605   
2	606   
2	607   
2	608   
2	609   
2	610   
2	611   
2	612   
2	613   
2	614   
2	615   
2	616   
2	617   
2	618   
2	619   
2	620   
2	621   
2	622   
2	623   
2	624   
2	625   
2	626   
2	627   
2	628   
2	629   
2	630   
2	631   
2	632   
2	633   
2	634   
2	635   
2	636   
2	637   
2	638   
2	639   
2	640   
2	641   
2	642   
2	643   
2	644   
2	645   
2	646   
2	647   
2	648   
2	649   
2	650   
2	651   
2	652   
2	653   
2	654   
2	655   
2	656   
2	657   
2	658   
2	659   
2	660   
2	661   
2	662   
2	663   
2	664   
2	665   
2	666   
2	667   
2	668   
2	669   
2	670   
2	671   
2	672   
2	673   
2	674   
2	675   
2	676   
2	677   
2	678   
2	679   
2	680   
2	681   
2	682   
2	683   
2	684   
2	685   
2	686   
2	687   
2	688   
2	689   
2	690   
2	691   
2	692   
2	693   
2	694   
2	695   
2	696   
2	697   
2	698   
2	699   
2	700   
2	701   
2	702   
2	703   
2	704   
2	705   
2	706   
2	707   
2	708   
2	709   
2	710   
2	711   
2	712   
2	713   
2	714   
2	715   
2	716   
2	717   
2	718   
2	719   
2	720   
2	721   
2	722   
2	723   
2	724   
2	725   
2	726   
2	727   
2	728   
2	729   
2	730   
2	731   
2	732   
2	733   
2	734   
2	735   
2	736   
2	737   
2	738   
2	739   
2	740   
2	741   
2	742   
2	743   
2	744   
2	745   
2	746   
2	747   
2	748   
2	749   
2	750   
2	751   
2	752   
2	753   
2	754   
2	755   
2	756   
2	757   
2	758   
2	759   
2	760   
2	761   
2	762   
2	763   
2	764   
2	765   
2	766   
2	767   
2	768   
2	769   
2	770   
2	771   
2	772   
2	773   
2	774   
2	775   
2	776   
2	777   
2	778   
2	779   
2	780   
2	781   
2	782   
2	783   
2	784   
2	785   
2	786   
2	787   
2	788   
2	789   
2	790   
2	791   
2	792   
2	793   
2	794   
2	795   
2	796   
2	797   
2	798   
2	799   
2	800   
2	801   
2	802   
2	803   
2	804   
2	805   
2	806   
2	807   
2	808   
2	809   
2	810   
2	811   
2	812   
2	813   
2	814   
2	815   
2	816   
2	817   
2	818   
2	819   
1	820   
1	821   
1	822   
1	823   
1	824   
1	825   
2	826   
2	827   
2	828   
2	829   
1	830   
1	831   
1	832   
1	833   
1	834   
1	835   
1	836   
1	837   
1	838   
1	839   
1	840   
1	841   
1	842   
1	843   
1	844   
1	845   
1	846   
1	847   
1	848   
1	849   
1	850   
1	851   
1	852   
1	853   
1	854   
1	855   
1	856   
1	857   
4	858   
4	859   
4	860   
4	861   
1	862   
1	863   
1	864   
1	865   
1	866   
4	867   
4	868   
4	869   
4	870   
4	871   
4	872   
4	873   
4	874   
4	875   
4	876   
4	877   
4	878   
4	879   
4	880   
4	881   
4	882   
4	883   
4	884   
4	885   
4	886   
4	887   
4	888   
4	889   
4	890   
4	891   
4	892   
4	893   
4	894   
4	895   
4	896   
4	897   
4	898   
4	899   
4	900   
4	901   
4	902   
4	903   
4	904   
4	905   
4	906   
4	907   
4	908   
4	909   
4	910   
4	911   
4	912   
4	913   
4	914   
4	915   
4	916   
4	917   
4	918   
4	919   
4	920   
4	921   
4	922   
4	923   
4	924   
1	925   
1	926   
1	927   
1	928   
1	929   
1	930   
1	931   
1	932   
1	933   
1	934   
1	935   
1	936   
1	937   
1	938   
1	939   
1	940   
1	941   
1	942   
1	943   
1	944   
1	945   
1	946   
1	947   
1	948   
1	949   
1	950   
1	951   
1	952   
1	953   
1	954   
1	955   
1	956   
1	957   
1	958   
1	959   
1	960   
1	961   
1	962   
1	963   
1	964   
1	965   
1	966   
1	967   
1	968   
1	969   
1	970   
1	971   
2	972   
2	973   
2	974   
2	975   
2	976   
2	977   
3	978   
3	979   
3	980   
3	981   
3	982   
3	983   
3	984   
3	985   
3	986   
3	987   
3	988   
3	989   
3	990   
3	991   
3	992   
3	993   
3	994   
3	995   
3	996   
3	997   
3	998   
3	999   
3	1000   
3	1001   
3	1002   
5	1003   
3	1004   
5	1005   
3	1006   
3	1007   
3	1008   
3	1009   
3	1010   
3	1011   
3	1012   
3	1013   
3	1014   
5	1015   
2	1016   
2	1017   
2	1018   
2	1019   
2	1020   
2	1021   
2	1022   
2	1023   
2	1024   
2	1025   
2	1026   
2	1027   
2	1028   
2	1029   
2	1030   
5	1031   
2	1032   
2	1033   
2	1034   
2	1035   
2	1036   
2	1037   
2	1038   
2	1039   
2	1040   
2	1041   
2	1042   
2	1043   
2	1044   
2	1045   
2	1046   
2	1047   
2	1048   
2	1049   
2	1050   
2	1051   
2	1052   
2	1053   
2	1054   
2	1055   
2	1056   
2	1057   
2	1058   
2	1059   
2	1060   
2	1061   
2	1062   
2	1063   
2	1064   
2	1065   
2	1066   
2	1067   
2	1068   
2	1069   
2	1070   
2	1071   
2	1072   
2	1073   
2	1074   
2	1075   
2	1076   
2	1077   
2	1078   
2	1079   
2	1080   
2	1081   
2	1082   
2	1083   
2	1084   
2	1085   
2	1086   
2	1087   
2	1088   
2	1089   
2	1090   
2	1091   
2	1092   
2	1093   
2	1094   
2	1095   
2	1096   
2	1097   
2	1098   
2	1099   
2	1100   
2	1101   
2	1102   
2	1103   
2	1104   
2	1105   
2	1106   
2	1107   
2	1108   
2	1109   
2	1110   
2	1111   
2	1112   
2	1113   
2	1114   
2	1115   
2	1116   
2	1117   
2	1118   
2	1119   
2	1120   
2	1121   
2	1122   
2	1123   
2	1124   
2	1125   
2	1126   
2	1127   
2	1128   
2	1129   
2	1130   
2	1131   
2	1132   
2	1133   
2	1134   
2	1135   
2	1136   
2	1137   
2	1138   
2	1139   
2	1140   
2	1141   
2	1142   
2	1143   
2	1144   
2	1145   
2	1146   
2	1147   
2	1148   
2	1149   
2	1150   
2	1151   
2	1152   
2	1153   
2	1154   
2	1155   
2	1156   
2	1157   
2	1158   
2	1159   
2	1160   
2	1161   
2	1162   
2	1163   
2	1164   
2	1165   
2	1166   
2	1167   
2	1168   
2	1169   
2	1170   
2	1171   
2	1172   
2	1173   
2	1174   
2	1175   
2	1176   
2	1177   
2	1178   
2	1179   
2	1180   
2	1181   
2	1182   
2	1183   
2	1184   
2	1185   
2	1186   
2	1187   
2	1188   
2	1189   
2	1190   
2	1191   
2	1192   
2	1193   
2	1194   
2	1195   
2	1196   
2	1197   
2	1198   
2	1199   
2	1200   
2	1201   
2	1202   
2	1203   
2	1204   
2	1205   
2	1206   
2	1207   
1	1208   
1	1209   
1	1210   
1	1211   
1	1212   
1	1213   
1	1214   
1	1215   
1	1216   
1	1217   
1	1218   
1	1219   
1	1220   
1	1221   
1	1222   
1	1223   
1	1224   
1	1225   
1	1226   
1	1227   
1	1228   
1	1229   
1	1230   
1	1231   
1	1232   
1	1233   
1	1234   
1	1235   
1	1236   
1	1237   
1	1238   
1	1239   
1	1240   
1	1241   
1	1242   
1	1243   
1	1244   
1	1245   
1	1246   
1	1247   
1	1248   
1	1249   
1	1250   
1	1251   
1	1252   
1	1253   
1	1254   
1	1255   
1	1256   
1	1257   
1	1258   
1	1259   
1	1260   
1	1261   
1	1262   
1	1263   
1	1264   
1	1265   
1	1266   
1	1267   
1	1268   
1	1269   
1	1270   
1	1271   
1	1272   
1	1273   
1	1274   
1	1275   
1	1276   
1	1277   
1	1278   
1	1279   
1	1280   
1	1281   
1	1282   
1	1283   
1	1284   
4	1285   
4	1286   
4	1287   
1	1288   
1	1289   
1	1290   
1	1291   
1	1292   
1	1293   
1	1294   
1	1295   
1	1296   
1	1297   
1	1298   
1	1299   
1	1300   
1	1301   
1	1302   
1	1303   
1	1304   
1	1305   
1	1306   
1	1307   
1	1308   
1	1309   
1	1310   
1	1311   
1	1312   
1	1313   
1	1314   
1	1315   
1	1316   
1	1317   
1	1318   
1	1319   
1	1320   
1	1321   
1	1322   
1	1323   
1	1324   
1	1325   
1	1326   
1	1327   
1	1328   
1	1329   
1	1330   
1	1331   
1	1332   
1	1333   
1	1334   
1	1335   
1	1336   
1	1337   
1	1338   
1	1339   
1	1340   
3	1341   
3	1342   
3	1343   
3	1344   
3	1345   
3	1346   
3	1347   
3	1348   
3	1349   
3	1350   
3	1351   
3	1352   
3	1353   
3	1354   
3	1355   
3	1356   
1	1357   
1	1358   
1	1359   
1	1360   
1	1361   
1	1362   
1	1363   
1	1364   
1	1365   
1	1366   
1	1367   
1	1368   
1	1369   
1	1370   
3	1371   
3	1372   
3	1373   
3	1374   
3	1375   
3	1376   
3	1377   
3	1378   
3	1379   
3	1380   
3	1381   
3	1382   
3	1383   
3	1384   
3	1385   
4	1386   
1	1387   
1	1388   
1	1389   
1	1390   
1	1391   
1	1392   
1	1393   
1	1394   
4	1395   
4	1396   
4	1397   
4	1398   
4	1399   
4	1400   
1	1401   
1	1402   
1	1403   
1	1404   
4	1405   
4	1406   
4	1407   
4	1408   
4	1409   
1	1410   
1	1411   
4	1412   
4	1413   
4	1414   
4	1415   
4	1416   
4	1417   
4	1418   
4	1419   
4	1420   
1	1421   
1	1422   
1	1423   
1	1424   
4	1425   
1	1426   
1	1427   
1	1428   
1	1429   
1	1430   
1	1431   
1	1432   
1	1433   
1	1434   
1	1435   
1	1436   
1	1437   
1	1438   
1	1439   
1	1440   
1	1441   
4	1442   
1	1443   
1	1444   
1	1445   
1	1446   
1	1447   
1	1448   
1	1449   
1	1450   
4	1451   
4	1452   
4	1453   
4	1454   
4	1455   
4	1456   
4	1457   
4	1458   
4	1459   
4	1460   
4	1461   
4	1462   
4	1463   
4	1464   
4	1465   
4	1466   
4	1467   
4	1468   
4	1469   
4	1470   
4	1471   
4	1472   
4	1473   
4	1474   
4	1475   
4	1476   
1	1477   
1	1478   
1	1479   
4	1480   
4	1481   
4	1482   
4	1483   
4	1484   
4	1485   
4	1486   
4	1487   
4	1488   
4	1489   
4	1490   
4	1491   
4	1492   
4	1493   
4	1494   
4	1495   
4	1496   
4	1497   
4	1498   
4	1499   
4	1500   
4	1501   
4	1502   
4	1503   
4	1504   
4	1505   
4	1506   
4	1507   
4	1508   
4	1509   
4	1510   
4	1511   
4	1512   
4	1513   
4	1514   
4	1515   
4	1516   
4	1517   
4	1518   
4	1519   
4	1520   
4	1521   
4	1522   
4	1523   
4	1524   
4	1525   
4	1526   
4	1527   
4	1528   
4	1529   
4	1530   
4	1531   
4	1532   
4	1533   
4	1534   
4	1535   
4	1536   
4	1537   
4	1538   
4	1539   
4	1540   
4	1541   
4	1542   
4	1543   
4	1544   
4	1545   
4	1546   
4	1547   
4	1548   
4	1549   
4	1550   
4	1551   
4	1552   
4	1553   
4	1554   
4	1555   
4	1556   
4	1557   
4	1558   
4	1559   
4	1560   
4	1561   
4	1562   
4	1563   
4	1564   
4	1565   
4	1566   
4	1567   
4	1568   
4	1569   
4	1570   
4	1571   
4	1572   
4	1573   
4	1574   
4	1575   
4	1576   
4	1577   
4	1578   
4	1579   
4	1580   
4	1581   
4	1582   
4	1583   
4	1584   
4	1585   
4	1586   
4	1587   
4	1588   
4	1589   
4	1590   
4	1591   
4	1592   
4	1593   
4	1594   
4	1595   
4	1596   
4	1597   
4	1598   
4	1599   
4	1600   
4	1601   
4	1602   
4	1603   
4	1604   
4	1605   
4	1606   
4	1607   
4	1608   
4	1609   
4	1610   
4	1611   
4	1612   
4	1613   
4	1614   
4	1615   
4	1616   
4	1617   
4	1618   
4	1619   
4	1620   
4	1621   
4	1622   
4	1623   
4	1624   
4	1625   
4	1626   
4	1627   
4	1628   
4	1629   
4	1630   
4	1631   
4	1632   
4	1633   
4	1634   
4	1635   
4	1636   
4	1637   
4	1638   
4	1639   
4	1640   
4	1641   
4	1642   
4	1643   
4	1644   
4	1645   
4	1646   
4	1647   
4	1648   
4	1649   
4	1650   
4	1651   
4	1652   
4	1653   
4	1654   
4	1655   
4	1656   
4	1657   
4	1658   
4	1659   
4	1660   
4	1661   
4	1662   
4	1663   
4	1664   
4	1665   
4	1666   
4	1667   
4	1668   
4	1669   
4	1670   
4	1671   
4	1672   
4	1673   
4	1674   
4	1675   
4	1676   
4	1677   
4	1678   
4	1679   
4	1680   
4	1681   
4	1682   
4	1683   
4	1684   
4	1685   
4	1686   
4	1687   
4	1688   
4	1689   
4	1690   
4	1691   
4	1692   
4	1693   
4	1694   
4	1695   
4	1696   
4	1697   
4	1698   
4	1699   
4	1700   
4	1701   
4	1702   
4	1703   
4	1704   
4	1705   
4	1706   
4	1707   
4	1708   
4	1709   
4	1710   
4	1711   
4	1712   
4	1713   
4	1714   
4	1715   
4	1716   
4	1717   
4	1718   
4	1719   
1	1720   
1	1721   
1	1722   
1	1723   
1	1724   
1	1725   
1	1726   
1	1727   
1	1728   
1	1729   
1	1730   
1	1731   
1	1732   
1	1733   
1	1734   
1	1735   
1	1736   
1	1737   
1	1738   
1	1739   
1	1740   
1	1741   
1	1742   
1	1743   
1	1744   
4	1745   
4	1746   
4	1747   
4	1748   
4	1749   
4	1750   
4	1751   
4	1752   
4	1753   
1	1754   
1	1755   
1	1756   
1	1757   
1	1758   
1	1759   
1	1760   
1	1761   
1	1762   
4	1763   
4	1764   
4	1765   
4	1766   
4	1767   
4	1768   
4	1769   
1	1770   
1	1771   
1	1772   
1	1773   
1	1774   
1	1775   
1	1776   
4	1777   
4	1778   
4	1779   
4	1780   
4	1781   
4	1782   
4	1783   
1	1784   
1	1785   
1	1786   
1	1787   
1	1788   
1	1789   
1	1790   
1	1791   
1	1792   
1	1793   
1	1794   
1	1795   
1	1796   
1	1797   
1	1798   
1	1799   
1	1800   
1	1801   
1	1802   
1	1803   
1	1804   
1	1805   
1	1806   
1	1807   
1	1808   
1	1809   
1	1810   
1	1811   
1	1812   
1	1813   
1	1814   
1	1815   
1	1816   
1	1817   
1	1818   
1	1819   
1	1820   
3	1821   
3	1822   
3	1823   
1	1824   
1	1825   
1	1826   
1	1827   
1	1828   
1	1829   
1	1830   
1	1831   
1	1832   
1	1833   
1	1834   
1	1835   
1	1836   
4	1837   
4	1838   
4	1839   
4	1840   
4	1841   
4	1842   
1	1843   
1	1844   
1	1845   
1	1846   
1	1847   
1	1848   
4	1849   
4	1850   
4	1851   
4	1852   
4	1853   
4	1854   
4	1855   
4	1856   
4	1857   
4	1858   
4	1859   
4	1860   
4	1861   
4	1862   
4	1863   
4	1864   
4	1865   
4	1866   
4	1867   
4	1868   
4	1869   
4	1870   
4	1871   
4	1872   
4	1873   
4	1874   
4	1875   
4	1876   
4	1877   
4	1878   
4	1879   
4	1880   
4	1881   
4	1882   
4	1883   
4	1884   
4	1885   
4	1886   
4	1887   
4	1888   
4	1889   
4	1890   
4	1891   
4	1892   
4	1893   
4	1894   
4	1895   
4	1896   
4	1897   
4	1898   
4	1899   
4	1900   
4	1901   
4	1902   
4	1903   
4	1904   
4	1905   
4	1906   
4	1907   
4	1908   
4	1909   
4	1910   
4	1911   
4	1912   
4	1913   
4	1914   
4	1915   
4	1916   
4	1917   
4	1918   
4	1919   
4	1920   
4	1921   
4	1922   
4	1923   
4	1924   
4	1925   
4	1926   
4	1927   
4	1928   
4	1929   
4	1930   
4	1931   
4	1932   
4	1933   
4	1934   
4	1935   
4	1936   
4	1937   
4	1938   
4	1939   
4	1940   
4	1941   
4	1942   
4	1943   
4	1944   
4	1945   
4	1946   
4	1947   
4	1948   
4	1949   
4	1950   
1	1951   
1	1952   
3	1953   
3	1954   
1	1955   
1	1956   
1	1957   
3	1958   
3	1959   
3	1960   
3	1961   
3	1962   
3	1963   
3	1964   
3	1965   
3	1966   
3	1967   
3	1968   
3	1969   
3	1970   
3	1971   
3	1972   
3	1973   
3	1974   
3	1975   
3	1976   
1	1977   
1	1978   
1	1979   
1	1980   
1	1981   
1	1982   
1	1983   
1	1984   
1	1985   
1	1986   
1	1987   
1	1988   
1	1989   
1	1990   
1	1991   
1	1992   
1	1993   
1	1994   
1	1995   
1	1996   
1	1997   
1	1998   
1	1999   
1	2000   
1	2001   
1	2002   
1	2003   
1	2004   
1	2005   
1	2006   
1	2007   
3	2008   
3	2009   
3	2010   
3	2011   
3	2012   
3	2013   
3	2014   
3	2015   
3	2016   
3	2017   
3	2018   
3	2019   
3	2020   
3	2021   
3	2022   
3	2023   
3	2024   
3	2025   
3	2026   
3	2027   
3	2028   
3	2029   
3	2030   
3	2031   
3	2032   
3	2033   
3	2034   
3	2035   
3	2036   
3	2037   
3	2038   
3	2039   
3	2040   
3	2041   
3	2042   
3	2043   
3	2044   
3	2045   
3	2046   
3	2047   
3	2048   
3	2049   
3	2050   
3	2051   
3	2052   
3	2053   
3	2054   
3	2055   
3	2056   
3	2057   
3	2058   
3	2059   
3	2060   
3	2061   
3	2062   
3	2063   
3	2064   
3	2065   
3	2066   
3	2067   
3	2068   
3	2069   
1	2070   
1	2071   
1	2072   
1	2073   
1	2074   
1	2075   
1	2076   
1	2077   
1	2078   
1	2079   
1	2080   
1	2081   
1	2082   
1	2083   
1	2084   
1	2085   
1	2086   
1	2087   
1	2088   
1	2089   
1	2090   
1	2091   
1	2092   
1	2093   
1	2094   
1	2095   
1	2096   
1	2097   
1	2098   
1	2099   
1	2100   
1	2101   
1	2102   
4	2103   
4	2104   
4	2105   
4	2106   
4	2107   
4	2108   
4	2109   
4	2110   
4	2111   
4	2112   
1	2113   
1	2114   
1	2115   
1	2116   
1	2117   
1	2118   
1	2119   
1	2120   
1	2121   
1	2122   
1	2123   
1	2124   
1	2125   
1	2126   
1	2127   
1	2128   
3	2129   
3	2130   
3	2131   
3	2132   
3	2133   
3	2134   
1	2135   
1	2136   
3	2137   
3	2138   
3	2139   
3	2140   
1	2141   
1	2142   
1	2143   
1	2144   
1	2145   
1	2146   
1	2147   
1	2148   
1	2149   
1	2150   
1	2151   
1	2152   
1	2153   
1	2154   
1	2155   
1	2156   
1	2157   
1	2158   
1	2159   
1	2160   
3	2161   
3	2162   
3	2163   
3	2164   
3	2165   
3	2166   
3	2167   
3	2168   
3	2169   
3	2170   
3	2171   
3	2172   
3	2173   
3	2174   
3	2175   
3	2176   
3	2177   
1	2178   
1	2179   
1	2180   
1	2181   
1	2182   
1	2183   
1	2184   
1	2185   
1	2186   
1	2187   
1	2188   
1	2189   
1	2190   
1	2191   
1	2192   
1	2193   
1	2194   
1	2195   
1	2196   
1	2197   
1	2198   
1	2199   
1	2200   
3	2201   
3	2202   
3	2203   
3	2204   
1	2205   
1	2206   
1	2207   
1	2208   
1	2209   
1	2210   
1	2211   
1	2212   
1	2213   
1	2214   
1	2215   
1	2216   
1	2217   
1	2218   
1	2219   
1	2220   
1	2221   
1	2222   
1	2223   
1	2224   
1	2225   
1	2226   
1	2227   
1	2228   
1	2229   
1	2230   
1	2231   
1	2232   
1	2233   
1	2234   
1	2235   
1	2236   
1	2237   
1	2238   
1	2239   
1	2240   
1	2241   
1	2242   
1	2243   
1	2244   
1	2245   
1	2246   
1	2247   
1	2248   
1	2249   
1	2250   
1	2251   
1	2252   
1	2253   
1	2254   
1	2255   
1	2256   
1	2257   
1	2258   
1	2259   
1	2260   
1	2261   
1	2262   
1	2263   
1	2264   
1	2265   
1	2266   
1	2267   
1	2268   
1	2269   
1	2270   
1	2271   
1	2272   
1	2273   
1	2274   
1	2275   
1	2276   
1	2277   
1	2278   
1	2279   
1	2280   
1	2281   
1	2282   
1	2283   
1	2284   
1	2285   
1	2286   
1	2287   
1	2288   
1	2289   
1	2290   
1	2291   
1	2292   
1	2293   
1	2294   
1	2295   
1	2296   
1	2297   
1	2298   
1	2299   
1	2300   
1	2301   
1	2302   
1	2303   
1	2304   
1	2305   
1	2306   
1	2307   
1	2308   
1	2309   
1	2310   
1	2311   
1	2312   
1	2313   
1	2314   
1	2315   
1	2316   
1	2317   
1	2318   
1	2319   
1	2320   
1	2321   
1	2322   
1	2323   
1	2324   
1	2325   
1	2326   
1	2327   
1	2328   
1	2329   
1	2330   
1	2331   
1	2332   
1	2333   
1	2334   
1	2335   
1	2336   
1	2337   
1	2338   
1	2339   
1	2340   
1	2341   
1	2342   
1	2343   
1	2344   
1	2345   
1	2346   
1	2347   
1	2348   
1	2349   
1	2350   
1	2351   
1	2352   
1	2353   
3	2354   
3	2355   
3	2356   
3	2357   
1	2358   
1	2359   
1	2360   
1	2361   
1	2362   
1	2363   
1	2364   
1	2365   
1	2366   
1	2367   
1	2368   
1	2369   
1	2370   
1	2371   
1	2372   
1	2373   
1	2374   
1	2375   
1	2376   
1	2377   
1	2378   
1	2379   
1	2380   
1	2381   
1	2382   
1	2383   
1	2384   
1	2385   
1	2386   
1	2387   
1	2388   
1	2389   
1	2390   
1	2391   
1	2392   
1	2393   
1	2394   
1	2395   
1	2396   
1	2397   
1	2398   
1	2399   
1	2400   
1	2401   
1	2402   
1	2403   
1	2404   
1	2405   
1	2406   
1	2407   
1	2408   
1	2409   
1	2410   
1	2411   
1	2412   
1	2413   
1	2414   
1	2415   
1	2416   
1	2417   
1	2418   
1	2419   
1	2420   
1	2421   
1	2422   
1	2423   
1	2424   
1	2425   
1	2426   
1	2427   
1	2428   
1	2429   
1	2430   
1	2431   
1	2432   
1	2433   
1	2434   
1	2435   
1	2436   
1	2437   
1	2438   
2	2439   
2	2440   
2	2441   
2	2442   
2	2443   
2	2444   
2	2445   
2	2446   
2	2447   
2	2448   
2	2449   
2	2450   
2	2451   
2	2452   
2	2453   
2	2454   
2	2455   
2	2456   
2	2457   
2	2458   
2	2459   
2	2460   
2	2461   
2	2462   
2	2463   
2	2464   
2	2465   
2	2466   
2	2467   
2	2468   
2	2469   
2	2470   
2	2471   
2	2472   
2	2473   
2	2474   
2	2475   
2	2476   
2	2477   
2	2478   
2	2479   
2	2480   
2	2481   
2	2482   
2	2483   
2	2484   
1	2485   
1	2486   
1	2487   
1	2488   
1	2489   
1	2490   
1	2491   
1	2492   
1	2493   
1	2494   
1	2495   
1	2496   
1	2497   
1	2498   
1	2499   
1	2500   
1	2501   
1	2502   
1	2503   
1	2504   
1	2505   
1	2506   
1	2507   
1	2508   
1	2509   
1	2510   
1	2511   
1	2512   
1	2513   
1	2514   
1	2515   
1	2516   
1	2517   
1	2518   
1	2519   
1	2520   
1	2521   
1	2522   
1	2523   
1	2524   
1	2525   
1	2526   
2	2527   
2	2528   
2	2529   
2	2530   
2	2531   
2	2532   
2	2533   
2	2534   
2	2535   
2	2536   
2	2537   
2	2538   
2	2539   
2	2540   
2	2541   
2	2542   
2	2543   
2	2544   
2	2545   
2	2546   
2	2547   
2	2548   
2	2549   
2	2550   
2	2551   
2	2552   
2	2553   
2	2554   
2	2555   
2	2556   
2	2557   
2	2558   
2	2559   
2	2560   
2	2561   
2	2562   
2	2563   
2	2564   
2	2565   
2	2566   
2	2567   
2	2568   
2	2569   
2	2570   
2	2571   
2	2572   
2	2573   
2	2574   
2	2575   
2	2576   
2	2577   
2	2578   
2	2579   
2	2580   
2	2581   
2	2582   
2	2583   
2	2584   
1	2585   
1	2586   
1	2587   
1	2588   
1	2589   
1	2590   
2	2591   
2	2592   
2	2593   
2	2594   
2	2595   
2	2596   
2	2597   
2	2598   
2	2599   
2	2600   
2	2601   
2	2602   
2	2603   
2	2604   
1	2605   
1	2606   
1	2607   
1	2608   
1	2609   
1	2610   
1	2611   
1	2612   
1	2613   
1	2614   
1	2615   
1	2616   
1	2617   
1	2618   
1	2619   
1	2620   
1	2621   
1	2622   
1	2623   
1	2624   
1	2625   
1	2626   
1	2627   
1	2628   
1	2629   
1	2630   
1	2631   
1	2632   
1	2633   
1	2634   
1	2635   
1	2636   
1	2637   
1	2638   
1	2639   
1	2640   
1	2641   
1	2642   
1	2643   
1	2644   
1	2645   
1	2646   
1	2647   
1	2648   
1	2649   
1	2650   
1	2651   
1	2652   
1	2653   
1	2654   
1	2655   
1	2656   
1	2657   
1	2658   
1	2659   
1	2660   
1	2661   
1	2662   
1	2663   
1	2664   
1	2665   
1	2666   
1	2667   
1	2668   
1	2669   
1	2670   
1	2671   
1	2672   
2	2673   
2	2674   
2	2675   
2	2676   
2	2677   
2	2678   
2	2679   
2	2680   
2	2681   
2	2682   
2	2683   
2	2684   
2	2685   
2	2686   
2	2687   
2	2688   
2	2689   
2	2690   
2	2691   
2	2692   
2	2693   
2	2694   
2	2695   
2	2696   
2	2697   
2	2698   
2	2699   
2	2700   
2	2701   
1	2702   
1	2703   
1	2704   
1	2705   
1	2706   
1	2707   
1	2708   
1	2709   
1	2710   
1	2711   
1	2712   
1	2713   
1	2714   
1	2715   
1	2716   
1	2717   
1	2718   
1	2719   
1	2720   
1	2721   
1	2722   
1	2723   
1	2724   
1	2725   
1	2726   
1	2727   
1	2728   
1	2729   
1	2730   
1	2731   
1	2732   
1	2733   
1	2734   
1	2735   
1	2736   
1	2737   
1	2738   
2	2739   
2	2740   
2	2741   
2	2742   
2	2743   
2	2744   
2	2745   
2	2746   
2	2747   
2	2748   
2	2749   
2	2750   
2	2751   
2	2752   
2	2753   
2	2754   
2	2755   
2	2756   
2	2757   
2	2758   
2	2759   
2	2760   
2	2761   
2	2762   
2	2763   
2	2764   
2	2765   
2	2766   
2	2767   
2	2768   
2	2769   
2	2770   
2	2771   
2	2772   
2	2773   
2	2774   
2	2775   
2	2776   
2	2777   
2	2778   
2	2779   
2	2780   
2	2781   
2	2782   
2	2783   
2	2784   
2	2785   
2	2786   
2	2787   
2	2788   
2	2789   
2	2790   
1	2791   
1	2792   
1	2793   
1	2794   
1	2795   
1	2796   
1	2797   
1	2798   
1	2799   
1	2800   
1	2801   
1	2802   
1	2803   
1	2804   
1	2805   
1	2806   
1	2807   
1	2808   
1	2809   
1	2810   
1	2811   
1	2812   
1	2813   
1	2814   
1	2815   
1	2816   
1	2817   
1	2818   
1	2819   
1	2820   
1	2821   
1	2822   
1	2823   
1	2824   
1	2825   
1	2826   
1	2827   
1	2828   
1	2829   
1	2830   
1	2831   
1	2832   
1	2833   
1	2834   
1	2835   
1	2836   
1	2837   
1	2838   
1	2839   
1	2840   
1	2841   
1	2842   
1	2843   
1	2844   
1	2845   
1	2846   
1	2847   
1	2848   
1	2849   
1	2850   
1	2851   
1	2852   
1	2853   
1	2854   
1	2855   
1	2856   
1	2857   
1	2858   
1	2859   
1	2860   
1	2861   
1	2862   
1	2863   
1	2864   
1	2865   
1	2866   
1	2867   
1	2868   
1	2869   
1	2870   
1	2871   
1	2872   
1	2873   
1	2874   
1	2875   
1	2876   
1	2877   
1	2878   
1	2879   
1	2880   
1	2881   
1	2882   
1	2883   
1	2884   
1	2885   
1	2886   
1	2887   
1	2888   
1	2889   
1	2890   
1	2891   
1	2892   
1	2893   
1	2894   
1	2895   
1	2896   
1	2897   
1	2898   
1	2899   
1	2900   
1	2901   
2	2902   
2	2903   
2	2904   
1	2905   
1	2906   
1	2907   
1	2908   
1	2909   
1	2910   
1	2911   
1	2912   
1	2913   
1	2914   
1	2915   
1	2916   
1	2917   
1	2918   
1	2919   
1	2920   
1	2921   
1	2922   
1	2923   
1	2924   
1	2925   
1	2926   
1	2927   
1	2928   
1	2929   
1	2930   
1	2931   
1	2932   
1	2933   
1	2934   
1	2935   
1	2936   
1	2937   
1	2938   
1	2939   
1	2940   
1	2941   
1	2942   
1	2943   
1	2944   
1	2945   
1	2946   
1	2947   
1	2948   
1	2949   
1	2950   
1	2951   
1	2952   
1	2953   
1	2954   
1	2955   
1	2956   
1	2957   
1	2958   
1	2959   
1	2960   
1	2961   
1	2962   
1	2963   
1	2964   
1	2965   
1	2966   
1	2967   
1	2968   
1	2969   
1	2970   
1	2971   
1	2972   
1	2973   
1	2974   
1	2975   
1	2976   
1	2977   
1	2978   
1	2979   
1	2980   
1	2981   
1	2982   
1	2983   
1	2984   
1	2985   
1	2986   
1	2987   
1	2988   
1	2989   
1	2990   
1	2991   
1	2992   
1	2993   
1	2994   
1	2995   
1	2996   
1	2997   
1	2998   
1	2999   
1	3000   
1	3001   
1	3002   
1	3003   
1	3004   
1	3005   
1	3006   
1	3007   
1	3008   
1	3009   
1	3010   
1	3011   
1	3012   
1	3013   
1	3014   
1	3015   
1	3016   
1	3017   
1	3018   
1	3019   
1	3020   
1	3021   
1	3022   
1	3023   
1	3024   
1	3025   
1	3026   
1	3027   
1	3028   
1	3029   
1	3030   
1	3031   
1	3032   
1	3033   
1	3034   
1	3035   
1	3036   
1	3037   
1	3038   
1	3039   
1	3040   
1	3041   
1	3042   
1	3043   
1	3044   
1	3045   
1	3046   
1	3047   
1	3048   
1	3049   
1	3050   
1	3051   
1	3052   
1	3053   
1	3054   
1	3055   
1	3056   
1	3057   
2	3058   
2	3059   
2	3060   
2	3061   
2	3062   
2	3063   
2	3064   
2	3065   
2	3066   
2	3067   
2	3068   
2	3069   
2	3070   
2	3071   
2	3072   
2	3073   
1	3074   
1	3075   
1	3076   
1	3077   
1	3078   
1	3079   
2	3080   
2	3081   
2	3082   
2	3083   
2	3084   
2	3085   
2	3086   
2	3087   
2	3088   
2	3089   
2	3090   
2	3091   
2	3092   
2	3093   
2	3094   
2	3095   
2	3096   
2	3097   
2	3098   
2	3099   
2	3100   
2	3101   
2	3102   
2	3103   
2	3104   
2	3105   
2	3106   
2	3107   
2	3108   
2	3109   
2	3110   
2	3111   
2	3112   
2	3113   
2	3114   
2	3115   
2	3116   
2	3117   
2	3118   
2	3119   
2	3120   
2	3121   
2	3122   
2	3123   
2	3124   
2	3125   
2	3126   
2	3127   
2	3128   
2	3129   
2	3130   
2	3131   
2	3132   
2	3133   
2	3134   
2	3135   
2	3136   
2	3137   
2	3138   
2	3139   
2	3140   
2	3141   
2	3142   
2	3143   
2	3144   
2	3145   
2	3146   
2	3147   
2	3148   
2	3149   
2	3150   
2	3151   
2	3152   
2	3153   
2	3154   
2	3155   
2	3156   
2	3157   
2	3158   
2	3159   
2	3160   
2	3161   
2	3162   
2	3163   
2	3164   
2	3165   
2	3166   
2	3167   
2	3168   
2	3169   
2	3170   
2	3171   
2	3172   
2	3173   
2	3174   
2	3175   
2	3176   
2	3177   
2	3178   
2	3179   
2	3180   
2	3181   
2	3182   
2	3183   
2	3184   
2	3185   
2	3186   
2	3187   
2	3188   
2	3189   
2	3190   
2	3191   
2	3192   
2	3193   
2	3194   
2	3195   
2	3196   
2	3197   
2	3198   
2	3199   
2	3200   
2	3201   
2	3202   
2	3203   
2	3204   
2	3205   
2	3206   
2	3207   
2	3208   
2	3209   
2	3210   
2	3211   
2	3212   
2	3213   
2	3214   
2	3215   
2	3216   
2	3217   
2	3218   
2	3219   
2	3220   
2	3221   
2	3222   
2	3223   
2	3224   
2	3225   
2	3226   
2	3227   
2	3228   
2	3229   
2	3230   
2	3231   
2	3232   
2	3233   
2	3234   
2	3235   
2	3236   
2	3237   
2	3238   
2	3239   
2	3240   
2	3241   
2	3242   
2	3243   
2	3244   
2	3245   
2	3246   
2	3247   
2	3248   
2	3249   
2	3250   
2	3251   
2	3252   
2	3253   
2	3254   
2	3255   
2	3256   
2	3257   
2	3258   
2	3259   
2	3260   
2	3261   
2	3262   
2	3263   
2	3264   
2	3265   
2	3266   
2	3267   
2	3268   
2	3269   
2	3270   
2	3271   
2	3272   
2	3273   
2	3274   
2	3275   
2	3276   
2	3277   
2	3278   
2	3279   
2	3280   
2	3281   
2	3282   
2	3283   
2	3284   
2	3285   
2	3286   
2	3287   
2	3288   
2	3289   
2	3290   
2	3291   
2	3292   
2	3293   
2	3294   
2	3295   
2	3296   
2	3297   
2	3298   
2	3299   
2	3300   
2	3301   
2	3302   
2	3303   
2	3304   
2	3305   
2	3306   
2	3307   
2	3308   
2	3309   
2	3310   
2	3311   
2	3312   
2	3313   
2	3314   
2	3315   
2	3316   
2	3317   
2	3318   
2	3319   
2	3320   
2	3321   
2	3322   
2	3323   
2	3324   
2	3325   
2	3326   
2	3327   
2	3328   
2	3329   
2	3330   
2	3331   
2	3332   
2	3333   
2	3334   
2	3335   
2	3336   
2	3337   
2	3338   
2	3339   
1	3340   
1	3341   
1	3342   
1	3343   
1	3344   
1	3345   
1	3346   
1	3347   
1	3348   
1	3349   
1	3350   
1	3351   
1	3352   
1	3353   
1	3354   
1	3355   
1	3356   
1	3357   
1	3358   
1	3359   
1	3360   
1	3361   
1	3362   
1	3363   
1	3364   
1	3365   
1	3366   
1	3367   
1	3368   
1	3369   
1	3370   
1	3371   
1	3372   
1	3373   
1	3374   
1	3375   
1	3376   
1	3377   
1	3378   
1	3379   
1	3380   
1	3381   
1	3382   
1	3383   
1	3384   
1	3385   
1	3386   
1	3387   
1	3388   
1	3389   
1	3390   
1	3391   
1	3392   
1	3393   
1	3394   
1	3395   
3	3396   
3	3397   
3	3398   
3	3399   
3	3400   
3	3401   
3	3402   
3	3403   
3	3404   
3	3405   
3	3406   
3	3407   
3	3408   
3	3409   
3	3410   
3	3411   
3	3412   
3	3413   
3	3414   
3	3415   
3	3416   
3	3417   
3	3418   
3	3419   
3	3420   
3	3421   
3	3422   
3	3423   
3	3424   
3	3425   
3	3426   
3	3427   
3	3428   
3	3429   
3	3430   
3	3431   
3	3432   
3	3433   
3	3434   
3	3435   
3	3436   
3	3437   
3	3438   
3	3439   
3	3440   
3	3441   
3	3442   
3	3443   
3	3444   
3	3445   
3	3446   
3	3447   
3	3448   
3	3449   
3	3450   
3	3451   
3	3452   
3	3453   
3	3454   
3	3455   
3	3456   
3	3457   
3	3458   
3	3459   
3	3460   
3	3461   
3	3462   
3	3463   
3	3464   
3	3465   
3	3466   
3	3467   
3	3468   
3	3469   
3	3470   
3	3471   
3	3472   
3	3473   
3	3474   
3	3475   
3	3476   
3	3477   
3	3478   
3	3479   
3	3480   
3	3481   
3	3482   
3	3483   
3	3484   
3	3485   
3	3486   
3	3487   
3	3488   
3	3489   
3	3490   
3	3491   
3	3492   
3	3493   
3	3494   
3	3495   
3	3496   
3	3497   
3	3498   
3	3499   
3	3500   
3	3501   
3	3502   
4	3503   
4	3504   
4	3505   
4	3506   
4	3507   
4	3508   
4	3509   
4	3510   
4	3511   
4	3512   
4	3513   
4	3514   
4	3515   
4	3516   
4	3517   
4	3518   
4	3519   
4	3520   
4	3521   
4	3522   
4	3523   
4	3524   
4	3525   
4	3526   
4	3527   
4	3528   
4	3529   
4	3530   
4	3531   
4	3532   
4	3533   
4	3534   
4	3535   
4	3536   
4	3537   
4	3538   
4	3539   
4	3540   
4	3541   
4	3542   
4	3543   
4	3544   
4	3545   
4	3546   
4	3547   
4	3548   
4	3549   
4	3550   
4	3551   
4	3552   
4	3553   
4	3554   
4	3555   
4	3556   
4	3557   
4	3558   
4	3559   
4	3560   
4	3561   
4	3562   
4	3563   
4	3564   
4	3565   
4	3566   
4	3567   
4	3568   
4	3569   
4	3570   
4	3571   
4	3572   
4	3573   
4	3574   
4	3575   
4	3576   
4	3577   
4	3578   
4	3579   
4	3580   
4	3581   
4	3582   
4	3583   
4	3584   
4	3585   
4	3586   
4	3587   
4	3588   
4	3589   
4	3590   
4	3591   
4	3592   
4	3593   
4	3594   
4	3595   
4	3596   
4	3597   
4	3598   
4	3599   
4	3600   
4	3601   
4	3602   
4	3603   
4	3604   
4	3605   
4	3606   
4	3607   
4	3608   
4	3609   
4	3610   
4	3611   
4	3612   
4	3613   
4	3614   
4	3615   
4	3616   
4	3617   
4	3618   
4	3619   
4	3620   
4	3621   
4	3622   
4	3623   
4	3624   
4	3625   
4	3626   
4	3627   
4	3628   
4	3629   
4	3630   
4	3631   
4	3632   
4	3633   
4	3634   
4	3635   
4	3636   
4	3637   
4	3638   
4	3639   
4	3640   
4	3641   
4	3642   
4	3643   
4	3644   
4	3645   
4	3646   
4	3647   
4	3648   
4	3649   
4	3650   
4	3651   
4	3652   
4	3653   
4	3654   
4	3655   
4	3656   
4	3657   
4	3658   
4	3659   
4	3660   
4	3661   
4	3662   
4	3663   
4	3664   
4	3665   
4	3666   
4	3667   
4	3668   
4	3669   
4	3670   
4	3671   
4	3672   
4	3673   
4	3674   
4	3675   
4	3676   
4	3677   
4	3678   
4	3679   
4	3680   
4	3681   
4	3682   
4	3683   
4	3684   
4	3685   
4	3686   
4	3687   
4	3688   
4	3689   
4	3690   
4	3691   
4	3692   
4	3693   
4	3694   
4	3695   
4	3696   
4	3697   
4	3698   
4	3699   
4	3700   
4	3701   
4	3702   
4	3703   
4	3704   
4	3705   
4	3706   
4	3707   
4	3708   
4	3709   
4	3710   
4	3711   
4	3712   
4	3713   
4	3714   
4	3715   
4	3716   
3	3717   
3	3718   
3	3719   
3	3720   
3	3721   
3	3722   
3	3723   
3	3724   
3	3725   
3	3726   
3	3727   
3	3728   
3	3729   
3	3730   
3	3731   
3	3732   
3	3733   
3	3734   
3	3735   
3	3736   
3	3737   
3	3738   
3	3739   
3	3740   
3	3741   
3	3742   
3	3743   
3	3744   
3	3745   
3	3746   
3	3747   
3	3748   
3	3749   
3	3750   
3	3751   
3	3752   
3	3753   
3	3754   
3	3755   
3	3756   
3	3757   
3	3758   
3	3759   
3	3760   
3	3761   
3	3762   
3	3763   
3	3764   
3	3765   
3	3766   
3	3767   
3	3768   
3	3769   
3	3770   
3	3771   
3	3772   
3	3773   
3	3774   
3	3775   
3	3776   
3	3777   
3	3778   
3	3779   
3	3780   
3	3781   
3	3782   
3	3783   
3	3784   
3	3785   
3	3786   
3	3787   
3	3788   
3	3789   
3	3790   
3	3791   
3	3792   
3	3793   
3	3794   
3	3795   
3	3796   
3	3797   
3	3798   
3	3799   
3	3800   
3	3801   
3	3802   
3	3803   
3	3804   
3	3805   
3	3806   
3	3807   
3	3808   
3	3809   
3	3810   
3	3811   
3	3812   
3	3813   
3	3814   
3	3815   
3	3816   
3	3817   
3	3818   
3	3819   
3	3820   
3	3821   
3	3822   
3	3823   
3	3824   
3	3825   
3	3826   
3	3827   
3	3828   
3	3829   
3	3830   
3	3831   
3	3832   
3	3833   
3	3834   
3	3835   
3	3836   
3	3837   
3	3838   
3	3839   
3	3840   
3	3841   
3	3842   
3	3843   
3	3844   
3	3845   
3	3846   
3	3847   
3	3848   
3	3849   
3	3850   
3	3851   
3	3852   
3	3853   
3	3854   
3	3855   
1	3856   
1	3857   
1	3858   
1	3859   
1	3860   
1	3861   
2	3862   
2	3863   
2	3864   
2	3865   
2	3866   
2	3867   
2	3868   
2	3869   
2	3870   
2	3871   
2	3872   
2	3873   
1	3874   
1	3875   
1	3876   
1	3877   
1	3878   
1	3879   
1	3880   
1	3881   
1	3882   
1	3883   
1	3884   
3	3885   
3	3886   
3	3887   
3	3888   
3	3889   
3	3890   
3	3891   
3	3892   
3	3893   
3	3894   
3	3895   
3	3896   
3	3897   
3	3898   
3	3899   
3	3900   
3	3901   
3	3902   
3	3903   
3	3904   
3	3905   
3	3906   
3	3907   
3	3908   
1	3909   
1	3910   
1	3911   
1	3912   
1	3913   
1	3914   
1	3915   
1	3916   
1	3917   
3	3918   
3	3919   
3	3920   
3	3921   
3	3922   
3	3923   
3	3924   
3	3925   
3	3926   
3	3927   
3	3928   
3	3929   
3	3930   
3	3931   
3	3932   
3	3933   
3	3934   
3	3935   
3	3936   
3	3937   
3	3938   
3	3939   
3	3940   
3	3941   
3	3942   
3	3943   
3	3944   
3	3945   
3	3946   
3	3947   
3	3948   
3	3949   
3	3950   
3	3951   
3	3952   
3	3953   
3	3954   
3	3955   
3	3956   
3	3957   
3	3958   
3	3959   
3	3960   
3	3961   
3	3962   
3	3963   
3	3964   
3	3965   
3	3966   
3	3967   
3	3968   
3	3969   
3	3970   
1	3971   
1	3972   
1	3973   
1	3974   
1	3975   
1	3976   
1	3977   
1	3978   
1	3979   
1	3980   
1	3981   
1	3982   
1	3983   
1	3984   
1	3985   
1	3986   
1	3987   
1	3988   
1	3989   
1	3990   
1	3991   
1	3992   
1	3993   
1	3994   
1	3995   
1	3996   
1	3997   
1	3998   
1	3999   
1	4000   
1	4001   
1	4002   
1	4003   
1	4004   
1	4005   
1	4006   
1	4007   
1	4008   
1	4009   
1	4010   
1	4011   
1	4012   
1	4013   
1	4014   
1	4015   
1	4016   
1	4017   
1	4018   
1	4019   
1	4020   
1	4021   
1	4022   
1	4023   
1	4024   
1	4025   
1	4026   
1	4027   
1	4028   
1	4029   
1	4030   
1	4031   
1	4032   
1	4033   
1	4034   
1	4035   
1	4036   
1	4037   
1	4038   
1	4039   
1	4040   
1	4041   
1	4042   
1	4043   
1	4044   
1	4045   
1	4046   
1	4047   
1	4048   
1	4049   
1	4050   
1	4051   
1	4052   
1	4053   
1	4054   
1	4055   
1	4056   
1	4057   
1	4058   
1	4059   
1	4060   
1	4061   
1	4062   
1	4063   
1	4064   
1	4065   
1	4066   
1	4067   
1	4068   
1	4069   
1	4070   
1	4071   
1	4072   
1	4073   
1	4074   
1	4075   
1	4076   
1	4077   
1	4078   
1	4079   
1	4080   
1	4081   
1	4082   
1	4083   
1	4084   
1	4085   
1	4086   
1	4087   
1	4088   
1	4089   
1	4090   
1	4091   
1	4092   
1	4093   
1	4094   
1	4095   
1	4096   
3	4097   
3	4098   
3	4099   
3	4100   
3	4101   
3	4102   
3	4103   
3	4104   
3	4105   
3	4106   
3	4107   
3	4108   
3	4109   
3	4110   
3	4111   
3	4112   
3	4113   
3	4114   
3	4115   
3	4116   
3	4117   
3	4118   
3	4119   
3	4120   
3	4121   
3	4122   
3	4123   
3	4124   
3	4125   
3	4126   
3	4127   
3	4128   
3	4129   
3	4130   
3	4131   
3	4132   
3	4133   
3	4134   
3	4135   
3	4136   
3	4137   
3	4138   
3	4139   
3	4140   
3	4141   
3	4142   
3	4143   
3	4144   
3	4145   
3	4146   
3	4147   
3	4148   
3	4149   
3	4150   
3	4151   
3	4152   
3	4153   
3	4154   
3	4155   
3	4156   
3	4157   
3	4158   
3	4159   
3	4160   
3	4161   
3	4162   
3	4163   
3	4164   
3	4165   
3	4166   
3	4167   
3	4168   
3	4169   
3	4170   
3	4171   
3	4172   
3	4173   
3	4174   
3	4175   
3	4176   
3	4177   
3	4178   
3	4179   
3	4180   
3	4181   
3	4182   
3	4183   
3	4184   
3	4185   
3	4186   
3	4187   
3	4188   
3	4189   
3	4190   
3	4191   
3	4192   
3	4193   
3	4194   
3	4195   
3	4196   
3	4197   
3	4198   
3	4199   
3	4200   
3	4201   
3	4202   
3	4203   
3	4204   
3	4205   
3	4206   
3	4207   
3	4208   
3	4209   
3	4210   
3	4211   
3	4212   
3	4213   
3	4214   
3	4215   
3	4216   
3	4217   
3	4218   
3	4219   
3	4220   
1	4221   
1	4222   
3	4223   
3	4224   
3	4225   
3	4226   
3	4227   
3	4228   
3	4229   
3	4230   
3	4231   
3	4232   
3	4233   
3	4234   
3	4235   
3	4236   
3	4237   
3	4238   
3	4239   
3	4240   
3	4241   
3	4242   
3	4243   
3	4244   
3	4245   
3	4246   
3	4247   
3	4248   
3	4249   
3	4250   
3	4251   
3	4252   
3	4253   
3	4254   
3	4255   
3	4256   
3	4257   
3	4258   
3	4259   
3	4260   
3	4261   
3	4262   
3	4263   
3	4264   
3	4265   
3	4266   
3	4267   
3	4268   
3	4269   
3	4270   
3	4271   
3	4272   
3	4273   
3	4274   
3	4275   
3	4276   
3	4277   
3	4278   
3	4279   
3	4280   
3	4281   
3	4282   
3	4283   
3	4284   
3	4285   
3	4286   
3	4287   
3	4288   
3	4289   
3	4290   
3	4291   
3	4292   
3	4293   
3	4294   
3	4295   
3	4296   
3	4297   
3	4298   
3	4299   
3	4300   
3	4301   
3	4302   
3	4303   
3	4304   
3	4305   
3	4306   
3	4307   
3	4308   
3	4309   
3	4310   
3	4311   
3	4312   
3	4313   
3	4314   
3	4315   
3	4316   
3	4317   
3	4318   
3	4319   
3	4320   
3	4321   
3	4322   
3	4323   
3	4324   
3	4325   
3	4326   
3	4327   
3	4328   
3	4329   
3	4330   
3	4331   
3	4332   
3	4333   
3	4334   
3	4335   
3	4336   
3	4337   
3	4338   
3	4339   
3	4340   
3	4341   
3	4342   
3	4343   
3	4344   
3	4345   
3	4346   
3	4347   
3	4348   
3	4349   
3	4350   
3	4351   
3	4352   
3	4353   
3	4354   
3	4355   
3	4356   
3	4357   
3	4358   
3	4359   
3	4360   
3	4361   
3	4362   
3	4363   
3	4364   
3	4365   
3	4366   
3	4367   
3	4368   
3	4369   
3	4370   
3	4371   
3	4372   
3	4373   
3	4374   
3	4375   
3	4376   
3	4377   
3	4378   
3	4379   
3	4380   
3	4381   
3	4382   
3	4383   
3	4384   
3	4385   
3	4386   
3	4387   
3	4388   
3	4389   
3	4390   
3	4391   
3	4392   
3	4393   
3	4394   
3	4395   
3	4396   
3	4397   
3	4398   
3	4399   
3	4400   
3	4401   
3	4402   
3	4403   
3	4404   
3	4405   
3	4406   
3	4407   
2	4408   
2	4409   
2	4410   
2	4411   
2	4412   
2	4413   
2	4414   
2	4415   
2	4416   
2	4417   
2	4418   
2	4419   
2	4420   
2	4421   
2	4422   
2	4423   
2	4424   
2	4425   
2	4426   
2	4427   
2	4428   
2	4429   
2	4430   
2	4431   
2	4432   
2	4433   
2	4434   
2	4435   
2	4436   
2	4437   
2	4438   
2	4439   
2	4440   
2	4441   
2	4442   
2	4443   
2	4444   
2	4445   
2	4446   
2	4447   
2	4448   
2	4449   
2	4450   
2	4451   
2	4452   
2	4453   
2	4454   
2	4455   
2	4456   
2	4457   
2	4458   
2	4459   
2	4460   
2	4461   
1	4462   
1	4463   
1	4464   
1	4465   
1	4466   
1	4467   
1	4468   
1	4469   
1	4470   
1	4471   
1	4472   
1	4473   
1	4474   
1	4475   
1	4476   
1	4477   
1	4478   
1	4479   
1	4480   
1	4481   
1	4482   
1	4483   
1	4484   
1	4485   
1	4486   
1	4487   
1	4488   
1	4489   
1	4490   
1	4491   
1	4492   
1	4493   
1	4494   
1	4495   
1	4496   
1	4497   
1	4498   
1	4499   
1	4500   
1	4501   
1	4502   
1	4503   
1	4504   
1	4505   
1	4506   
1	4507   
1	4508   
1	4509   
1	4510   
1	4511   
1	4512   
1	4513   
1	4514   
1	4515   
1	4516   
1	4517   
1	4518   
1	4519   
1	4520   
1	4521   
1	4522   
1	4523   
1	4524   
1	4525   
1	4526   
1	4527   
1	4528   
1	4529   
1	4530   
1	4531   
1	4532   
1	4533   
1	4534   
1	4535   
1	4536   
1	4537   
1	4538   
1	4539   
1	4540   
1	4541   
1	4542   
1	4543   
1	4544   
1	4545   
1	4546   
1	4547   
1	4548   
1	4549   
1	4550   
1	4551   
1	4552   
1	4553   
1	4554   
1	4555   
1	4556   
1	4557   
1	4558   
1	4559   
1	4560   
1	4561   
1	4562   
1	4563   
1	4564   
1	4565   
1	4566   
1	4567   
1	4568   
1	4569   
1	4570   
1	4571   
1	4572   
1	4573   
1	4574   
1	4575   
1	4576   
1	4577   
1	4578   
1	4579   
1	4580   
1	4581   
1	4582   
1	4583   
1	4584   
1	4585   
1	4586   
1	4587   
1	4588   
1	4589   
1	4590   
1	4591   
1	4592   
1	4593   
1	4594   
1	4595   
1	4596   
1	4597   
1	4598   
1	4599   
1	4600   
1	4601   
1	4602   
1	4603   
1	4604   
1	4605   
1	4606   
1	4607   
1	4608   
1	4609   
1	4610   
1	4611   
1	4612   
1	4613   
1	4614   
1	4615   
1	4616   
1	4617   
1	4618   
1	4619   
1	4620   
1	4621   
1	4622   
1	4623   
1	4624   
1	4625   
1	4626   
1	4627   
1	4628   
1	4629   
1	4630   
1	4631   
1	4632   
1	4633   
1	4634   
1	4635   
1	4636   
1	4637   
1	4638   
1	4639   
1	4640   
1	4641   
1	4642   
1	4643   
1	4644   
1	4645   
1	4646   
1	4647   
1	4648   
1	4649   
1	4650   
1	4651   
1	4652   
1	4653   
1	4654   
1	4655   
1	4656   
1	4657   
1	4658   
1	4659   
1	4660   
1	4661   
1	4662   
1	4663   
1	4664   
1	4665   
1	4666   
1	4667   
1	4668   
1	4669   
1	4670   
1	4671   
1	4672   
1	4673   
1	4674   
1	4675   
1	4676   
2	4677   
2	4678   
2	4679   
2	4680   
2	4681   
2	4682   
2	4683   
2	4684   
2	4685   
2	4686   
2	4687   
2	4688   
2	4689   
2	4690   
2	4691   
2	4692   
2	4693   
2	4694   
2	4695   
1	4696   
1	4697   
1	4698   
1	4699   
1	4700   
1	4701   
1	4702   
1	4703   
1	4704   
1	4705   
1	4706   
1	4707   
1	4708   
1	4709   
1	4710   
1	4711   
1	4712   
1	4713   
1	4714   
1	4715   
1	4716   
1	4717   
1	4718   
1	4719   
1	4720   
1	4721   
1	4722   
1	4723   
1	4724   
1	4725   
1	4726   
1	4727   
1	4728   
1	4729   
1	4730   
1	4731   
1	4732   
1	4733   
1	4734   
2	4735   
2	4736   
2	4737   
2	4738   
2	4739   
2	4740   
2	4741   
2	4742   
2	4743   
2	4744   
2	4745   
2	4746   
2	4747   
2	4748   
2	4749   
2	4750   
2	4751   
2	4752   
2	4753   
2	4754   
2	4755   
2	4756   
2	4757   
2	4758   
2	4759   
2	4760   
2	4761   
2	4762   
2	4763   
2	4764   
2	4765   
2	4766   
1	4767   
1	4768   
1	4769   
1	4770   
1	4771   
1	4772   
1	4773   
1	4774   
1	4775   
1	4776   
1	4777   
1	4778   
1	4779   
1	4780   
1	4781   
1	4782   
1	4783   
1	4784   
1	4785   
1	4786   
1	4787   
1	4788   
1	4789   
1	4790   
1	4791   
1	4792   
1	4793   
1	4794   
1	4795   
1	4796   
1	4797   
1	4798   
1	4799   
1	4800   
1	4801   
1	4802   
1	4803   
1	4804   
1	4805   
1	4806   
1	4807   
1	4808   
1	4809   
1	4810   
1	4811   
1	4812   
1	4813   
1	4814   
1	4815   
1	4816   
1	4817   
1	4818   
1	4819   
1	4820   
1	4821   
1	4822   
1	4823   
1	4824   
1	4825   
1	4826   
1	4827   
1	4828   
1	4829   
1	4830   
1	4831   
1	4832   
1	4833   
1	4834   
1	4835   
1	4836   
1	4837   
1	4838   
1	4839   
1	4840   
1	4841   
1	4842   
1	4843   
1	4844   
1	4845   
1	4846   
1	4847   
1	4848   
1	4849   
1	4850   
1	4851   
1	4852   
1	4853   
1	4854   
1	4855   
1	4856   
1	4857   
1	4858   
1	4859   
1	4860   
1	4861   
1	4862   
1	4863   
1	4864   
1	4865   
1	4866   
1	4867   
1	4868   
1	4869   
1	4870   
1	4871   
1	4872   
1	4873   
1	4874   
1	4875   
1	4876   
1	4877   
1	4878   
1	4879   
1	4880   
1	4881   
1	4882   
1	4883   
1	4884   
1	4885   
1	4886   
1	4887   
1	4888   
1	4889   
1	4890   
1	4891   
1	4892   
1	4893   
1	4894   
1	4895   
1	4896   
1	4897   
1	4898   
1	4899   
1	4900   
1	4901   
1	4902   
1	4903   
1	4904   
1	4905   
1	4906   
1	4907   
1	4908   
1	4909   
1	4910   
1	4911   
1	4912   
1	4913   
1	4914   
1	4915   
1	4916   
1	4917   
1	4918   
1	4919   
1	4920   
1	4921   
1	4922   
1	4923   
1	4924   
1	4925   
1	4926   
1	4927   
1	4928   
1	4929   
1	4930   
1	4931   
1	4932   
1	4933   
1	4934   
1	4935   
1	4936   
1	4937   
1	4938   
1	4939   
1	4940   
1	4941   
1	4942   
1	4943   
1	4944   
1	4945   
1	4946   
1	4947   
1	4948   
1	4949   
1	4950   
1	4951   
1	4952   
1	4953   
1	4954   
1	4955   
1	4956   
1	4957   
2	4958   
2	4959   
2	4960   
2	4961   
2	4962   
2	4963   
2	4964   
2	4965   
2	4966   
2	4967   
2	4968   
2	4969   
2	4970   
2	4971   
1	4972   
1	4973   
1	4974   
1	4975   
1	4976   
1	4977   
1	4978   
1	4979   
1	4980   
1	4981   
1	4982   
1	4983   
1	4984   
1	4985   
1	4986   
1	4987   
1	4988   
1	4989   
1	4990   
1	4991   
1	4992   
1	4993   
1	4994   
1	4995   
1	4996   
1	4997   
1	4998   
1	4999   
1	5000   
1	5001   
1	5002   
1	5003   
1	5004   
1	5005   
1	5006   
1	5007   
1	5008   
1	5009   
1	5010   
3	5011   
3	5012   
3	5013   
3	5014   
3	5015   
3	5016   
3	5017   
3	5018   
3	5019   
3	5020   
3	5021   
3	5022   
3	5023   
3	5024   
3	5025   
3	5026   
3	5027   
3	5028   
3	5029   
3	5030   
3	5031   
3	5032   
3	5033   
3	5034   
3	5035   
3	5036   
3	5037   
3	5038   
3	5039   
3	5040   
3	5041   
3	5042   
3	5043   
3	5044   
3	5045   
3	5046   
3	5047   
3	5048   
3	5049   
3	5050   
3	5051   
3	5052   
3	5053   
3	5054   
3	5055   
3	5056   
3	5057   
3	5058   
3	5059   
3	5060   
3	5061   
3	5062   
3	5063   
3	5064   
3	5065   
3	5066   
3	5067   
3	5068   
3	5069   
3	5070   
3	5071   
3	5072   
3	5073   
3	5074   
3	5075   
3	5076   
3	5077   
3	5078   
3	5079   
3	5080   
3	5081   
3	5082   
3	5083   
3	5084   
3	5085   
3	5086   
3	5087   
3	5088   
3	5089   
3	5090   
3	5091   
3	5092   
3	5093   
3	5094   
3	5095   
3	5096   
3	5097   
3	5098   
3	5099   
3	5100   
3	5101   
3	5102   
3	5103   
3	5104   
3	5105   
3	5106   
3	5107   
3	5108   
3	5109   
3	5110   
3	5111   
3	5112   
3	5113   
3	5114   
3	5115   
3	5116   
3	5117   
3	5118   
3	5119   
3	5120   
3	5121   
3	5122   
3	5123   
3	5124   
3	5125   
3	5126   
3	5127   
3	5128   
3	5129   
3	5130   
3	5131   
3	5132   
3	5133   
3	5134   
3	5135   
3	5136   
3	5137   
3	5138   
3	5139   
3	5140   
3	5141   
3	5142   
3	5143   
3	5144   
3	5145   
3	5146   
3	5147   
3	5148   
3	5149   
3	5150   
3	5151   
3	5152   
3	5153   
3	5154   
3	5155   
3	5156   
3	5157   
3	5158   
3	5159   
3	5160   
3	5161   
3	5162   
3	5163   
3	5164   
3	5165   
3	5166   
3	5167   
3	5168   
3	5169   
3	5170   
3	5171   
3	5172   
3	5173   
3	5174   
3	5175   
3	5176   
3	5177   
3	5178   
3	5179   
3	5180   
3	5181   
3	5182   
3	5183   
3	5184   
3	5185   
3	5186   
3	5187   
3	5188   
3	5189   
3	5190   
3	5191   
3	5192   
3	5193   
3	5194   
3	5195   
3	5196   
3	5197   
3	5198   
3	5199   
3	5200   
3	5201   
3	5202   
3	5203   
3	5204   
3	5205   
3	5206   
3	5207   
3	5208   
3	5209   
3	5210   
3	5211   
3	5212   
3	5213   
3	5214   
3	5215   
3	5216   
3	5217   
3	5218   
3	5219   
3	5220   
3	5221   
3	5222   
3	5223   
3	5224   
3	5225   
3	5226   
3	5227   
3	5228   
3	5229   
3	5230   
3	5231   
3	5232   
3	5233   
3	5234   
3	5235   
3	5236   
3	5237   
3	5238   
3	5239   
3	5240   
3	5241   
3	5242   
3	5243   
3	5244   
3	5245   
3	5246   
3	5247   
3	5248   
3	5249   
3	5250   
3	5251   
3	5252   
3	5253   
3	5254   
3	5255   
3	5256   
3	5257   
3	5258   
3	5259   
3	5260   
3	5261   
3	5262   
3	5263   
3	5264   
3	5265   
3	5266   
3	5267   
3	5268   
3	5269   
3	5270   
3	5271   
3	5272   
3	5273   
3	5274   
3	5275   
3	5276   
3	5277   
3	5278   
3	5279   
3	5280   
3	5281   
3	5282   
3	5283   
3	5284   
3	5285   
3	5286   
3	5287   
3	5288   
3	5289   
3	5290   
3	5291   
3	5292   
3	5293   
3	5294   
3	5295   
3	5296   
3	5297   
3	5298   
3	5299   
3	5300   
3	5301   
3	5302   
3	5303   
3	5304   
3	5305   
3	5306   
3	5307   
3	5308   
3	5309   
3	5310   
3	5311   
2	5312   
2	5313   
2	5314   
2	5315   
2	5316   
2	5317   
2	5318   
2	5319   
2	5320   
2	5321   
2	5322   
2	5323   
2	5324   
2	5325   
2	5326   
2	5327   
2	5328   
2	5329   
2	5330   
2	5331   
2	5332   
2	5333   
2	5334   
2	5335   
2	5336   
2	5337   
2	5338   
2	5339   
2	5340   
2	5341   
2	5342   
2	5343   
2	5344   
2	5345   
2	5346   
2	5347   
2	5348   
2	5349   
2	5350   
2	5351   
2	5352   
2	5353   
2	5354   
2	5355   
2	5356   
2	5357   
2	5358   
2	5359   
2	5360   
2	5361   
2	5362   
2	5363   
2	5364   
2	5365   
2	5366   
2	5367   
2	5368   
1	5369   
1	5370   
1	5371   
1	5372   
1	5373   
1	5374   
1	5375   
1	5376   
1	5377   
1	5378   
1	5379   
1	5380   
1	5381   
1	5382   
1	5383   
1	5384   
1	5385   
1	5386   
1	5387   
1	5388   
1	5389   
1	5390   
1	5391   
1	5392   
1	5393   
1	5394   
1	5395   
1	5396   
1	5397   
1	5398   
1	5399   
1	5400   
1	5401   
4	5402   
4	5403   
4	5404   
4	5405   
4	5406   
4	5407   
4	5408   
4	5409   
4	5410   
4	5411   
4	5412   
4	5413   
4	5414   
4	5415   
4	5416   
4	5417   
4	5418   
4	5419   
4	5420   
4	5421   
4	5422   
4	5423   
4	5424   
4	5425   
4	5426   
4	5427   
4	5428   
4	5429   
4	5430   
4	5431   
4	5432   
4	5433   
4	5434   
4	5435   
4	5436   
4	5437   
4	5438   
4	5439   
4	5440   
4	5441   
4	5442   
4	5443   
4	5444   
4	5445   
4	5446   
4	5447   
4	5448   
4	5449   
4	5450   
4	5451   
4	5452   
4	5453   
4	5454   
4	5455   
4	5456   
4	5457   
4	5458   
4	5459   
4	5460   
4	5461   
4	5462   
4	5463   
4	5464   
4	5465   
4	5466   
4	5467   
4	5468   
4	5469   
4	5470   
4	5471   
4	5472   
4	5473   
4	5474   
4	5475   
4	5476   
4	5477   
4	5478   
4	5479   
4	5480   
4	5481   
4	5482   
4	5483   
4	5484   
4	5485   
4	5486   
4	5487   
4	5488   
4	5489   
4	5490   
4	5491   
4	5492   
4	5493   
4	5494   
4	5495   
4	5496   
4	5497   
4	5498   
4	5499   
4	5500   
4	5501   
4	5502   
4	5503   
4	5504   
4	5505   
4	5506   
4	5507   
4	5508   
4	5509   
4	5510   
4	5511   
4	5512   
4	5513   
4	5514   
4	5515   
4	5516   
4	5517   
4	5518   
4	5519   
4	5520   
4	5521   
4	5522   
4	5523   
4	5524   
4	5525   
4	5526   
4	5527   
4	5528   
4	5529   
4	5530   
4	5531   
4	5532   
4	5533   
4	5534   
4	5535   
4	5536   
4	5537   
4	5538   
4	5539   
4	5540   
4	5541   
4	5542   
4	5543   
4	5544   
4	5545   
4	5546   
4	5547   
4	5548   
4	5549   
4	5550   
4	5551   
4	5552   
4	5553   
4	5554   
4	5555   
4	5556   
4	5557   
4	5558   
4	5559   
4	5560   
4	5561   
4	5562   
4	5563   
4	5564   
4	5565   
4	5566   
4	5567   
4	5568   
4	5569   
4	5570   
4	5571   
4	5572   
4	5573   
4	5574   
4	5575   
4	5576   
4	5577   
4	5578   
4	5579   
4	5580   
4	5581   
4	5582   
4	5583   
4	5584   
4	5585   
4	5586   
4	5587   
4	5588   
4	5589   
4	5590   
4	5591   
4	5592   
4	5593   
4	5594   
4	5595   
4	5596   
4	5597   
4	5598   
4	5599   
4	5600   
4	5601   
4	5602   
4	5603   
4	5604   
4	5605   
4	5606   
4	5607   
4	5608   
4	5609   
4	5610   
4	5611   
4	5612   
4	5613   
4	5614   
4	5615   
4	5616   
4	5617   
4	5618   
4	5619   
4	5620   
4	5621   
4	5622   
4	5623   
4	5624   
4	5625   
4	5626   
4	5627   
4	5628   
4	5629   
4	5630   
4	5631   
4	5632   
4	5633   
4	5634   
4	5635   
4	5636   
4	5637   
4	5638   
4	5639   
4	5640   
4	5641   
4	5642   
4	5643   
4	5644   
4	5645   
4	5646   
4	5647   
4	5648   
4	5649   
4	5650   
4	5651   
4	5652   
4	5653   
4	5654   
4	5655   
4	5656   
4	5657   
4	5658   
4	5659   
4	5660   
4	5661   
4	5662   
4	5663   
4	5664   
4	5665   
4	5666   
4	5667   
4	5668   
4	5669   
4	5670   
4	5671   
4	5672   
4	5673   
4	5674   
4	5675   
4	5676   
4	5677   
4	5678   
4	5679   
4	5680   
4	5681   
4	5682   
4	5683   
4	5684   
4	5685   
4	5686   
4	5687   
1	5688   
1	5689   
1	5690   
1	5691   
1	5692   
1	5693   
4	5694   
4	5695   
4	5696   
4	5697   
4	5698   
4	5699   
4	5700   
4	5701   
4	5702   
4	5703   
4	5704   
4	5705   
4	5706   
4	5707   
4	5708   
1	5709   
4	5710   
4	5711   
4	5712   
4	5713   
4	5714   
4	5715   
4	5716   
4	5717   
4	5718   
4	5719   
4	5720   
4	5721   
4	5722   
4	5723   
4	5724   
4	5725   
4	5726   
4	5727   
4	5728   
4	5729   
4	5730   
4	5731   
4	5732   
4	5733   
4	5734   
4	5735   
4	5736   
4	5737   
4	5738   
4	5739   
4	5740   
4	5741   
4	5742   
4	5743   
4	5744   
4	5745   
3	5746   
3	5747   
3	5748   
3	5749   
3	5750   
3	5751   
3	5752   
3	5753   
3	5754   
3	5755   
3	5756   
3	5757   
3	5758   
1	5759   
1	5760   
1	5761   
1	5762   
3	5763   
3	5764   
3	5765   
3	5766   
3	5767   
3	5768   
3	5769   
3	5770   
3	5771   
3	5772   
3	5773   
3	5774   
3	5775   
3	5776   
3	5777   
3	5778   
3	5779   
3	5780   
3	5781   
3	5782   
3	5783   
3	5784   
3	5785   
3	5786   
3	5787   
3	5788   
3	5789   
3	5790   
3	5791   
3	5792   
3	5793   
3	5794   
3	5795   
3	5796   
3	5797   
3	5798   
3	5799   
3	5800   
3	5801   
3	5802   
3	5803   
3	5804   
3	5805   
3	5806   
3	5807   
3	5808   
3	5809   
3	5810   
3	5811   
3	5812   
3	5813   
3	5814   
3	5815   
3	5816   
3	5817   
3	5818   
3	5819   
3	5820   
3	5821   
3	5822   
3	5823   
3	5824   
3	5825   
3	5826   
3	5827   
3	5828   
3	5829   
3	5830   
3	5831   
3	5832   
3	5833   
1	5834   
1	5835   
1	5836   
1	5837   
4	5838   
4	5839   
4	5840   
4	5841   
4	5842   
4	5843   
4	5844   
4	5845   
4	5846   
1	5847   
1	5848   
1	5849   
3	5850   
3	5851   
3	5852   
3	5853   
3	5854   
4	5855   
4	5856   
4	5857   
4	5858   
4	5859   
4	5860   
4	5861   
4	5862   
4	5863   
4	5864   
4	5865   
4	5866   
4	5867   
4	5868   
4	5869   
4	5870   
4	5871   
4	5872   
4	5873   
4	5874   
4	5875   
4	5876   
4	5877   
4	5878   
4	5879   
4	5880   
4	5881   
4	5882   
4	5883   
4	5884   
4	5885   
4	5886   
4	5887   
4	5888   
4	5889   
4	5890   
4	5891   
4	5892   
4	5893   
4	5894   
4	5895   
4	5896   
4	5897   
4	5898   
4	5899   
4	5900   
4	5901   
4	5902   
3	5903   
3	5904   
3	5905   
3	5906   
3	5907   
3	5908   
3	5909   
3	5910   
3	5911   
3	5912   
3	5913   
3	5914   
3	5915   
3	5916   
3	5917   
3	5918   
3	5919   
3	5920   
4	5921   
4	5922   
4	5923   
4	5924   
4	5925   
4	5926   
4	5927   
4	5928   
4	5929   
4	5930   
4	5931   
4	5932   
4	5933   
4	5934   
4	5935   
4	5936   
4	5937   
4	5938   
4	5939   
4	5940   
4	5941   
4	5942   
4	5943   
4	5944   
4	5945   
4	5946   
4	5947   
4	5948   
4	5949   
4	5950   
4	5951   
4	5952   
4	5953   
4	5954   
4	5955   
4	5956   
4	5957   
4	5958   
4	5959   
4	5960   
4	5961   
4	5962   
4	5963   
4	5964   
4	5965   
4	5966   
4	5967   
4	5968   
4	5969   
4	5970   
4	5971   
4	5972   
4	5973   
4	5974   
4	5975   
4	5976   
4	5977   
4	5978   
4	5979   
4	5980   
4	5981   
4	5982   
4	5983   
4	5984   
4	5985   
4	5986   
4	5987   
4	5988   
4	5989   
4	5990   
4	5991   
4	5992   
4	5993   
4	5994   
4	5995   
4	5996   
4	5997   
4	5998   
4	5999   
4	6000   
4	6001   
4	6002   
4	6003   
4	6004   
4	6005   
4	6006   
3	6007   
3	6008   
3	6009   
3	6010   
3	6011   
3	6012   
3	6013   
3	6014   
3	6015   
3	6016   
3	6017   
3	6018   
3	6019   
3	6020   
3	6021   
3	6022   
3	6023   
3	6024   
3	6025   
3	6026   
3	6027   
3	6028   
3	6029   
3	6030   
3	6031   
3	6032   
3	6033   
3	6034   
3	6035   
3	6036   
3	6037   
3	6038   
3	6039   
3	6040   
3	6041   
3	6042   
3	6043   
3	6044   
3	6045   
3	6046   
3	6047   
3	6048   
3	6049   
3	6050   
3	6051   
3	6052   
3	6053   
3	6054   
3	6055   
3	6056   
3	6057   
3	6058   
3	6059   
3	6060   
3	6061   
3	6062   
3	6063   
4	6064   
4	6065   
4	6066   
4	6067   
3	6068   
3	6069   
3	6070   
3	6071   
3	6072   
3	6073   
3	6074   
3	6075   
3	6076   
3	6077   
3	6078   
3	6079   
3	6080   
3	6081   
3	6082   
3	6083   
3	6084   
3	6085   
3	6086   
3	6087   
3	6088   
3	6089   
3	6090   
3	6091   
3	6092   
3	6093   
3	6094   
3	6095   
3	6096   
3	6097   
3	6098   
3	6099   
3	6100   
3	6101   
3	6102   
3	6103   
3	6104   
3	6105   
3	6106   
3	6107   
3	6108   
3	6109   
3	6110   
3	6111   
3	6112   
3	6113   
3	6114   
3	6115   
3	6116   
3	6117   
3	6118   
1	6119   
1	6120   
1	6121   
1	6122   
1	6123   
1	6124   
1	6125   
1	6126   
1	6127   
1	6128   
1	6129   
1	6130   
1	6131   
1	6132   
1	6133   
1	6134   
1	6135   
1	6136   
1	6137   
1	6138   
1	6139   
1	6140   
1	6141   
1	6142   
1	6143   
1	6144   
1	6145   
1	6146   
1	6147   
1	6148   
1	6149   
1	6150   
1	6151   
1	6152   
1	6153   
1	6154   
1	6155   
1	6156   
3	6157   
3	6158   
3	6159   
3	6160   
3	6161   
3	6162   
3	6163   
3	6164   
3	6165   
3	6166   
3	6167   
3	6168   
3	6169   
3	6170   
3	6171   
3	6172   
3	6173   
3	6174   
3	6175   
3	6176   
3	6177   
3	6178   
3	6179   
3	6180   
3	6181   
3	6182   
3	6183   
3	6184   
3	6185   
3	6186   
3	6187   
3	6188   
3	6189   
3	6190   
3	6191   
3	6192   
3	6193   
3	6194   
3	6195   
3	6196   
3	6197   
3	6198   
3	6199   
3	6200   
3	6201   
3	6202   
3	6203   
3	6204   
3	6205   
3	6206   
3	6207   
3	6208   
3	6209   
3	6210   
3	6211   
3	6212   
3	6213   
3	6214   
3	6215   
3	6216   
3	6217   
3	6218   
3	6219   
3	6220   
3	6221   
3	6222   
3	6223   
3	6224   
3	6225   
3	6226   
3	6227   
3	6228   
3	6229   
3	6230   
3	6231   
3	6232   
3	6233   
3	6234   
3	6235   
3	6236   
3	6237   
3	6238   
3	6239   
3	6240   
3	6241   
3	6242   
3	6243   
3	6244   
3	6245   
3	6246   
3	6247   
3	6248   
3	6249   
3	6250   
3	6251   
3	6252   
3	6253   
3	6254   
3	6255   
3	6256   
3	6257   
3	6258   
3	6259   
3	6260   
3	6261   
3	6262   
3	6263   
3	6264   
3	6265   
3	6266   
3	6267   
3	6268   
3	6269   
3	6270   
3	6271   
3	6272   
3	6273   
3	6274   
3	6275   
3	6276   
3	6277   
3	6278   
3	6279   
3	6280   
3	6281   
3	6282   
3	6283   
3	6284   
3	6285   
3	6286   
3	6287   
3	6288   
3	6289   
3	6290   
3	6291   
3	6292   
3	6293   
1	6294   
1	6295   
1	6296   
1	6297   
1	6298   
1	6299   
1	6300   
1	6301   
1	6302   
1	6303   
3	6304   
3	6305   
3	6306   
3	6307   
3	6308   
3	6309   
3	6310   
3	6311   
3	6312   
3	6313   
3	6314   
3	6315   
3	6316   
3	6317   
3	6318   
3	6319   
3	6320   
3	6321   
3	6322   
3	6323   
3	6324   
3	6325   
3	6326   
3	6327   
3	6328   
3	6329   
3	6330   
3	6331   
3	6332   
4	6333   
4	6334   
4	6335   
1	6336   
1	6337   
1	6338   
1	6339   
1	6340   
4	6341   
4	6342   
4	6343   
4	6344   
1	6345   
1	6346   
4	6347   
4	6348   
4	6349   
4	6350   
4	6351   
4	6352   
3	6353   
3	6354   
3	6355   
4	6356   
4	6357   
4	6358   
4	6359   
4	6360   
1	6361   
1	6362   
1	6363   
1	6364   
4	6365   
4	6366   
1	6367   
1	6368   
1	6369   
1	6370   
1	6371   
3	6372   
3	6373   
3	6374   
3	6375   
2	6376   
2	6377   
2	6378   
2	6379   
4	6380   
4	6381   
1	6382   
1	6383   
1	6384   
1	6385   
1	6386   
1	6387   
1	6388   
1	6389   
1	6390   
1	6391   
1	6392   
1	6393   
1	6394   
3	6395   
3	6396   
3	6397   
3	6398   
3	6399   
3	6400   
3	6401   
4	6402   
4	6403   
4	6404   
4	6405   
4	6406   
4	6407   
4	6408   
4	6409   
4	6410   
4	6411   
3	6412   
3	6413   
3	6414   
3	6415   
3	6416   
3	6417   
3	6418   
3	6419   
3	6420   
3	6421   
3	6422   
3	6423   
3	6424   
3	6425   
3	6426   
3	6427   
3	6428   
3	6429   
3	6430   
3	6431   
3	6432   
3	6433   
3	6434   
3	6435   
3	6436   
3	6437   
3	6438   
3	6439   
3	6440   
3	6441   
3	6442   
3	6443   
3	6444   
3	6445   
3	6446   
3	6447   
3	6448   
3	6449   
4	6450   
4	6451   
4	6452   
4	6453   
4	6454   
4	6455   
4	6456   
4	6457   
4	6458   
4	6459   
4	6460   
4	6461   
4	6462   
4	6463   
4	6464   
4	6465   
4	6466   
4	6467   
4	6468   
4	6469   
4	6470   
4	6471   
4	6472   
4	6473   
4	6474   
4	6475   
4	6476   
4	6477   
4	6478   
4	6479   
4	6480   
4	6481   
4	6482   
4	6483   
4	6484   
4	6485   
4	6486   
4	6487   
4	6488   
4	6489   
4	6490   
4	6491   
4	6492   
4	6493   
4	6494   
4	6495   
4	6496   
4	6497   
4	6498   
4	6499   
4	6500   
4	6501   
4	6502   
4	6503   
4	6504   
4	6505   
4	6506   
4	6507   
4	6508   
4	6509   
4	6510   
4	6511   
4	6512   
4	6513   
4	6514   
4	6515   
4	6516   
4	6517   
4	6518   
4	6519   
4	6520   
4	6521   
4	6522   
4	6523   
4	6524   
4	6525   
4	6526   
3	6527   
3	6528   
3	6529   
3	6530   
3	6531   
3	6532   
3	6533   
3	6534   
3	6535   
3	6536   
3	6537   
4	6538   
4	6539   
4	6540   
4	6541   
4	6542   
4	6543   
4	6544   
4	6545   
4	6546   
3	6547   
3	6548   
3	6549   
3	6550   
3	6551   
3	6552   
3	6553   
3	6554   
3	6555   
3	6556   
3	6557   
3	6558   
3	6559   
3	6560   
3	6561   
4	6562   
4	6563   
4	6564   
4	6565   
4	6566   
4	6567   
4	6568   
4	6569   
4	6570   
4	6571   
4	6572   
4	6573   
3	6574   
3	6575   
3	6576   
3	6577   
3	6578   
3	6579   
3	6580   
3	6581   
3	6582   
3	6583   
3	6584   
3	6585   
4	6586   
4	6587   
4	6588   
4	6589   
4	6590   
4	6591   
4	6592   
4	6593   
3	6594   
3	6595   
3	6596   
3	6597   
3	6598   
3	6599   
3	6600   
3	6601   
3	6602   
3	6603   
3	6604   
3	6605   
3	6606   
4	6607   
4	6608   
4	6609   
4	6610   
4	6611   
4	6612   
4	6613   
4	6614   
4	6615   
4	6616   
3	6617   
3	6618   
3	6619   
3	6620   
3	6621   
3	6622   
3	6623   
3	6624   
3	6625   
3	6626   
3	6627   
3	6628   
3	6629   
3	6630   
3	6631   
3	6632   
3	6633   
3	6634   
3	6635   
3	6636   
3	6637   
3	6638   
3	6639   
3	6640   
3	6641   
3	6642   
3	6643   
3	6644   
3	6645   
3	6646   
3	6647   
3	6648   
3	6649   
3	6650   
3	6651   
3	6652   
3	6653   
3	6654   
3	6655   
3	6656   
3	6657   
3	6658   
3	6659   
3	6660   
3	6661   
3	6662   
3	6663   
3	6664   
3	6665   
3	6666   
3	6667   
3	6668   
3	6669   
3	6670   
3	6671   
3	6672   
3	6673   
3	6674   
3	6675   
3	6676   
3	6677   
3	6678   
3	6679   
3	6680   
3	6681   
3	6682   
3	6683   
3	6684   
3	6685   
3	6686   
3	6687   
3	6688   
3	6689   
3	6690   
3	6691   
3	6692   
3	6693   
3	6694   
3	6695   
3	6696   
3	6697   
3	6698   
3	6699   
3	6700   
3	6701   
3	6702   
3	6703   
3	6704   
3	6705   
3	6706   
3	6707   
3	6708   
3	6709   
3	6710   
3	6711   
3	6712   
3	6713   
3	6714   
3	6715   
3	6716   
3	6717   
3	6718   
2	6719   
2	6720   
2	6721   
2	6722   
2	6723   
2	6724   
2	6725   
2	6726   
2	6727   
2	6728   
2	6729   
2	6730   
2	6731   
2	6732   
2	6733   
2	6734   
2	6735   
2	6736   
2	6737   
2	6738   
2	6739   
2	6740   
2	6741   
2	6742   
2	6743   
2	6744   
2	6745   
2	6746   
2	6747   
2	6748   
2	6749   
2	6750   
2	6751   
2	6752   
2	6753   
2	6754   
2	6755   
2	6756   
2	6757   
2	6758   
2	6759   
2	6760   
2	6761   
2	6762   
2	6763   
2	6764   
2	6765   
2	6766   
2	6767   
2	6768   
2	6769   
2	6770   
2	6771   
2	6772   
2	6773   
2	6774   
2	6775   
2	6776   
2	6777   
2	6778   
2	6779   
2	6780   
2	6781   
2	6782   
2	6783   
2	6784   
2	6785   
2	6786   
2	6787   
2	6788   
2	6789   
2	6790   
2	6791   
2	6792   
2	6793   
2	6794   
2	6795   
1	6796   
1	6797   
1	6798   
1	6799   
1	6800   
1	6801   
1	6802   
1	6803   
1	6804   
1	6805   
1	6806   
1	6807   
1	6808   
1	6809   
1	6810   
1	6811   
1	6812   
1	6813   
1	6814   
1	6815   
1	6816   
1	6817   
1	6818   
1	6819   
1	6820   
1	6821   
1	6822   
4	6823   
4	6824   
4	6825   
4	6826   
4	6827   
1	6828   
1	6829   
1	6830   
1	6831   
1	6832   
1	6833   
1	6834   
1	6835   
1	6836   
1	6837   
3	6838   
3	6839   
3	6840   
3	6841   
1	6842   
1	6843   
1	6844   
1	6845   
1	6846   
1	6847   
1	6848   
1	6849   
1	6850   
1	6851   
1	6852   
1	6853   
1	6854   
1	6855   
1	6856   
1	6857   
1	6858   
1	6859   
3	6860   
3	6861   
3	6862   
3	6863   
3	6864   
3	6865   
3	6866   
3	6867   
3	6868   
3	6869   
3	6870   
4	6871   
4	6872   
4	6873   
4	6874   
4	6875   
4	6876   
4	6877   
4	6878   
4	6879   
4	6880   
4	6881   
4	6882   
4	6883   
3	6884   
3	6885   
3	6886   
3	6887   
3	6888   
3	6889   
3	6890   
3	6891   
3	6892   
3	6893   
3	6894   
3	6895   
3	6896   
3	6897   
3	6898   
3	6899   
3	6900   
3	6901   
3	6902   
3	6903   
3	6904   
3	6905   
3	6906   
3	6907   
3	6908   
3	6909   
3	6910   
3	6911   
3	6912   
3	6913   
3	6914   
3	6915   
3	6916   
3	6917   
3	6918   
3	6919   
3	6920   
3	6921   
3	6922   
3	6923   
3	6924   
3	6925   
3	6926   
3	6927   
3	6928   
3	6929   
3	6930   
3	6931   
3	6932   
3	6933   
3	6934   
3	6935   
3	6936   
3	6937   
3	6938   
3	6939   
3	6940   
3	6941   
3	6942   
3	6943   
3	6944   
3	6945   
3	6946   
3	6947   
3	6948   
3	6949   
3	6950   
3	6951   
3	6952   
3	6953   
3	6954   
3	6955   
3	6956   
3	6957   
3	6958   
3	6959   
3	6960   
3	6961   
3	6962   
3	6963   
3	6964   
3	6965   
3	6966   
3	6967   
3	6968   
3	6969   
3	6970   
3	6971   
3	6972   
3	6973   
3	6974   
3	6975   
3	6976   
3	6977   
3	6978   
3	6979   
3	6980   
3	6981   
3	6982   
3	6983   
3	6984   
3	6985   
3	6986   
3	6987   
3	6988   
3	6989   
3	6990   
3	6991   
3	6992   
3	6993   
3	6994   
3	6995   
3	6996   
3	6997   
3	6998   
3	6999   
1	7000   
1	7001   
1	7002   
1	7003   
1	7004   
1	7005   
1	7006   
1	7007   
1	7008   
2	7009   
2	7010   
2	7011   
2	7012   
2	7013   
2	7014   
2	7015   
2	7016   
2	7017   
2	7018   
2	7019   
2	7020   
2	7021   
2	7022   
2	7023   
2	7024   
2	7025   
2	7026   
2	7027   
2	7028   
2	7029   
2	7030   
2	7031   
2	7032   
2	7033   
2	7034   
2	7035   
2	7036   
2	7037   
2	7038   
2	7039   
2	7040   
2	7041   
2	7042   
2	7043   
2	7044   
2	7045   
2	7046   
2	7047   
2	7048   
2	7049   
2	7050   
2	7051   
2	7052   
2	7053   
2	7054   
2	7055   
2	7056   
2	7057   
2	7058   
2	7059   
2	7060   
2	7061   
2	7062   
2	7063   
2	7064   
2	7065   
2	7066   
2	7067   
2	7068   
2	7069   
2	7070   
2	7071   
2	7072   
2	7073   
1	7074   
4	7075   
4	7076   
4	7077   
4	7078   
4	7079   
4	7080   
1	7081   
1	7082   
1	7083   
1	7084   
1	7085   
1	7086   
3	7087   
3	7088   
3	7089   
3	7090   
3	7091   
3	7092   
3	7093   
3	7094   
3	7095   
3	7096   
3	7097   
3	7098   
1	7099   
1	7100   
1	7101   
1	7102   
1	7103   
3	7104   
3	7105   
3	7106   
3	7107   
3	7108   
3	7109   
3	7110   
3	7111   
3	7112   
3	7113   
3	7114   
3	7115   
3	7116   
3	7117   
3	7118   
3	7119   
3	7120   
3	7121   
3	7122   
3	7123   
3	7124   
3	7125   
3	7126   
3	7127   
3	7128   
3	7129   
3	7130   
4	7131   
4	7132   
4	7133   
4	7134   
4	7135   
4	7136   
4	7137   
4	7138   
4	7139   
4	7140   
4	7141   
4	7142   
3	7143   
3	7144   
3	7145   
3	7146   
3	7147   
3	7148   
3	7149   
3	7150   
3	7151   
3	7152   
3	7153   
3	7154   
1	7155   
1	7156   
1	7157   
1	7158   
1	7159   
1	7160   
3	7161   
3	7162   
3	7163   
3	7164   
3	7165   
3	7166   
3	7167   
3	7168   
3	7169   
3	7170   
3	7171   
3	7172   
3	7173   
3	7174   
3	7175   
3	7176   
3	7177   
3	7178   
3	7179   
4	7180   
4	7181   
4	7182   
4	7183   
1	7184   
1	7185   
1	7186   
1	7187   
1	7188   
2	7189   
2	7190   
2	7191   
2	7192   
2	7193   
2	7194   
2	7195   
2	7196   
2	7197   
2	7198   
2	7199   
2	7200   
2	7201   
2	7202   
2	7203   
2	7204   
2	7205   
2	7206   
1	7207   
1	7208   
1	7209   
1	7210   
1	7211   
1	7212   
1	7213   
1	7214   
1	7215   
1	7216   
1	7217   
1	7218   
1	7219   
1	7220   
2	7221   
2	7222   
2	7223   
2	7224   
2	7225   
2	7226   
2	7227   
2	7228   
2	7229   
2	7230   
2	7231   
2	7232   
2	7233   
2	7234   
2	7235   
1	7236   
1	7237   
1	7238   
1	7239   
1	7240   
1	7241   
1	7242   
1	7243   
1	7244   
1	7245   
1	7246   
1	7247   
1	7248   
2	7249   
2	7250   
2	7251   
2	7252   
2	7253   
2	7254   
2	7255   
2	7256   
2	7257   
1	7258   
1	7259   
1	7260   
1	7261   
1	7262   
1	7263   
1	7264   
1	7265   
1	7266   
1	7267   
1	7268   
1	7269   
1	7270   
2	7271   
2	7272   
2	7273   
2	7274   
2	7275   
2	7276   
2	7277   
2	7278   
2	7279   
2	7280   
2	7281   
1	7282   
1	7283   
1	7284   
1	7285   
1	7286   
1	7287   
4	7288   
4	7289   
4	7290   
4	7291   
4	7292   
1	7293   
1	7294   
1	7295   
1	7296   
1	7297   
1	7298   
1	7299   
1	7300   
1	7301   
1	7302   
1	7303   
1	7304   
1	7305   
1	7306   
1	7307   
1	7308   
1	7309   
1	7310   
1	7311   
1	7312   
4	7313   
4	7314   
4	7315   
4	7316   
4	7317   
4	7318   
4	7319   
4	7320   
4	7321   
4	7322   
4	7323   
4	7324   
4	7325   
4	7326   
4	7327   
4	7328   
1	7329   
1	7330   
1	7331   
1	7332   
1	7333   
1	7334   
1	7335   
1	7336   
1	7337   
1	7338   
1	7339   
1	7340   
1	7341   
1	7342   
4	7343   
4	7344   
4	7345   
4	7346   
4	7347   
4	7348   
4	7349   
4	7350   
1	7351   
1	7352   
1	7353   
1	7354   
1	7355   
1	7356   
1	7357   
1	7358   
1	7359   
1	7360   
1	7361   
1	7362   
1	7363   
1	7364   
1	7365   
1	7366   
1	7367   
1	7368   
1	7369   
1	7370   
1	7371   
1	7372   
1	7373   
1	7374   
1	7375   
1	7376   
1	7377   
1	7378   
1	7379   
1	7380   
1	7381   
1	7382   
1	7383   
1	7384   
1	7385   
1	7386   
1	7387   
1	7388   
1	7389   
1	7390   
1	7391   
1	7392   
1	7393   
1	7394   
1	7395   
1	7396   
1	7397   
1	7398   
1	7399   
2	7400   
2	7401   
2	7402   
2	7403   
2	7404   
2	7405   
2	7406   
2	7407   
2	7408   
2	7409   
2	7410   
2	7411   
2	7412   
2	7413   
2	7414   
2	7415   
2	7416   
1	7417   
1	7418   
1	7419   
1	7420   
1	7421   
1	7422   
1	7423   
1	7424   
1	7425   
1	7426   
4	7427   
4	7428   
4	7429   
4	7430   
4	7431   
4	7432   
4	7433   
4	7434   
4	7435   
1	7436   
1	7437   
1	7438   
1	7439   
1	7440   
1	7441   
2	7442   
2	7443   
2	7444   
2	7445   
2	7446   
2	7447   
2	7448   
2	7449   
1	7450   
1	7451   
1	7452   
1	7453   
1	7454   
1	7455   
1	7456   
1	7457   
4	7458   
4	7459   
4	7460   
4	7461   
4	7462   
4	7463   
1	7464   
1	7465   
1	7466   
1	7467   
1	7468   
1	7469   
1	7470   
1	7471   
1	7472   
1	7473   
1	7474   
1	7475   
1	7476   
1	7477   
1	7478   
1	7479   
1	7480   
1	7481   
1	7482   
3	7483   
3	7484   
3	7485   
3	7486   
3	7487   
3	7488   
3	7489   
3	7490   
4	7491   
4	7492   
4	7493   
4	7494   
4	7495   
4	7496   
4	7497   
4	7498   
4	7499   
1	7500   
1	7501   
1	7502   
1	7503   
1	7504   
1	7505   
1	7506   
1	7507   
1	7508   
1	7509   
1	7510   
1	7511   
1	7512   
1	7513   
1	7514   
4	7515   
4	7516   
4	7517   
4	7518   
4	7519   
4	7520   
4	7521   
4	7522   
4	7523   
1	7524   
1	7525   
1	7526   
1	7527   
1	7528   
1	7529   
1	7530   
1	7531   
1	7532   
1	7533   
1	7534   
1	7535   
1	7536   
1	7537   
1	7538   
1	7539   
1	7540   
1	7541   
1	7542   
1	7543   
1	7544   
1	7545   
1	7546   
1	7547   
1	7548   
1	7549   
1	7550   
1	7551   
1	7552   
1	7553   
1	7554   
1	7555   
1	7556   
1	7557   
2	7558   
2	7559   
2	7560   
2	7561   
2	7562   
2	7563   
2	7564   
2	7565   
2	7566   
1	7567   
1	7568   
1	7569   
1	7570   
1	7571   
1	7572   
4	7573   
4	7574   
4	7575   
4	7576   
4	7577   
4	7578   
1	7579   
1	7580   
1	7581   
1	7582   
1	7583   
1	7584   
1	7585   
1	7586   
1	7587   
1	7588   
1	7589   
1	7590   
1	7591   
1	7592   
1	7593   
1	7594   
1	7595   
1	7596   
1	7597   
1	7598   
1	7599   
1	7600   
1	7601   
1	7602   
1	7603   
1	7604   
1	7605   
4	7606   
4	7607   
4	7608   
1	7609   
1	7610   
1	7611   
1	7612   
1	7613   
1	7614   
1	7615   
1	7616   
1	7617   
1	7618   
1	7619   
1	7620   
1	7621   
1	7622   
1	7623   
1	7624   
1	7625   
1	7626   
1	7627   
1	7628   
1	7629   
1	7630   
1	7631   
1	7632   
1	7633   
1	7634   
1	7635   
1	7636   
1	7637   
1	7638   
1	7639   
1	7640   
1	7641   
1	7642   
1	7643   
1	7644   
1	7645   
1	7646   
4	7647   
4	7648   
4	7649   
4	7650   
4	7651   
4	7652   
4	7653   
4	7654   
4	7655   
4	7656   
4	7657   
4	7658   
4	7659   
4	7660   
4	7661   
4	7662   
4	7663   
4	7664   
4	7665   
4	7666   
4	7667   
4	7668   
4	7669   
4	7670   
4	7671   
4	7672   
4	7673   
4	7674   
4	7675   
4	7676   
4	7677   
4	7678   
1	7679   
1	7680   
1	7681   
1	7682   
1	7683   
1	7684   
1	7685   
1	7686   
1	7687   
4	7688   
4	7689   
4	7690   
4	7691   
4	7692   
4	7693   
4	7694   
4	7695   
4	7696   
4	7697   
4	7698   
4	7699   
4	7700   
4	7701   
4	7702   
4	7703   
4	7704   
4	7705   
4	7706   
4	7707   
4	7708   
4	7709   
1	7710   
1	7711   
1	7712   
1	7713   
1	7714   
1	7715   
1	7716   
1	7717   
1	7718   
1	7719   
1	7720   
4	7721   
4	7722   
4	7723   
4	7724   
4	7725   
4	7726   
4	7727   
4	7728   
4	7729   
4	7730   
4	7731   
4	7732   
4	7733   
4	7734   
4	7735   
4	7736   
4	7737   
4	7738   
4	7739   
4	7740   
4	7741   
4	7742   
4	7743   
4	7744   
4	7745   
4	7746   
4	7747   
4	7748   
4	7749   
4	7750   
4	7751   
4	7752   
4	7753   
4	7754   
4	7755   
4	7756   
4	7757   
4	7758   
4	7759   
4	7760   
4	7761   
4	7762   
4	7763   
4	7764   
4	7765   
4	7766   
4	7767   
4	7768   
4	7769   
4	7770   
4	7771   
4	7772   
4	7773   
4	7774   
4	7775   
4	7776   
4	7777   
4	7778   
4	7779   
4	7780   
4	7781   
4	7782   
4	7783   
4	7784   
4	7785   
4	7786   
4	7787   
4	7788   
4	7789   
4	7790   
4	7791   
4	7792   
4	7793   
4	7794   
4	7795   
4	7796   
4	7797   
4	7798   
4	7799   
4	7800   
4	7801   
4	7802   
4	7803   
4	7804   
4	7805   
4	7806   
4	7807   
4	7808   
4	7809   
4	7810   
4	7811   
4	7812   
4	7813   
4	7814   
4	7815   
4	7816   
4	7817   
4	7818   
4	7819   
4	7820   
4	7821   
4	7822   
4	7823   
4	7824   
4	7825   
4	7826   
4	7827   
4	7828   
4	7829   
4	7830   
4	7831   
4	7832   
4	7833   
4	7834   
4	7835   
4	7836   
4	7837   
4	7838   
4	7839   
4	7840   
4	7841   
4	7842   
4	7843   
4	7844   
4	7845   
4	7846   
4	7847   
4	7848   
4	7849   
4	7850   
4	7851   
4	7852   
4	7853   
4	7854   
4	7855   
4	7856   
4	7857   
4	7858   
4	7859   
4	7860   
4	7861   
4	7862   
4	7863   
4	7864   
4	7865   
4	7866   
4	7867   
4	7868   
4	7869   
3	7870   
3	7871   
3	7872   
3	7873   
3	7874   
3	7875   
3	7876   
3	7877   
3	7878   
3	7879   
4	7880   
4	7881   
4	7882   
4	7883   
4	7884   
4	7885   
4	7886   
4	7887   
4	7888   
4	7889   
4	7890   
4	7891   
4	7892   
4	7893   
4	7894   
4	7895   
4	7896   
4	7897   
4	7898   
4	7899   
4	7900   
4	7901   
4	7902   
4	7903   
4	7904   
4	7905   
4	7906   
4	7907   
4	7908   
4	7909   
4	7910   
4	7911   
4	7912   
4	7913   
4	7914   
4	7915   
4	7916   
4	7917   
4	7918   
4	7919   
4	7920   
4	7921   
4	7922   
4	7923   
4	7924   
4	7925   
4	7926   
4	7927   
4	7928   
4	7929   
4	7930   
4	7931   
4	7932   
4	7933   
4	7934   
4	7935   
4	7936   
4	7937   
4	7938   
4	7939   
4	7940   
4	7941   
4	7942   
4	7943   
4	7944   
4	7945   
4	7946   
4	7947   
4	7948   
4	7949   
4	7950   
4	7951   
4	7952   
4	7953   
4	7954   
4	7955   
4	7956   
4	7957   
4	7958   
4	7959   
4	7960   
4	7961   
4	7962   
4	7963   
4	7964   
4	7965   
4	7966   
4	7967   
4	7968   
4	7969   
4	7970   
4	7971   
4	7972   
4	7973   
4	7974   
4	7975   
4	7976   
4	7977   
4	7978   
4	7979   
4	7980   
4	7981   
4	7982   
4	7983   
4	7984   
4	7985   
4	7986   
4	7987   
4	7988   
4	7989   
4	7990   
4	7991   
4	7992   
4	7993   
4	7994   
4	7995   
4	7996   
4	7997   
4	7998   
4	7999   
1	8000   
	
