
Residual displacements:
type		xloc		yloc		observ		calc		o-c		error

  1	  -50.0000	  -50.0000	-0.0001466	-0.0002932	 0.0001466	    0.0001
  1	  -40.0000	  -50.0000	-0.0004044	-0.0008088	 0.0004044	    0.0001
  1	  -30.0000	  -50.0000	 -0.000639	 -0.001278	 0.0006389	    0.0001
  1	  -20.0000	  -50.0000	-0.0008282	 -0.001656	 0.0008283	    0.0001
  1	  -10.0000	  -50.0000	 -0.001078	 -0.002157	  0.001079	    0.0001
  1	   -0.0000	  -50.0000	 -0.001587	 -0.003173	  0.001586	    0.0001
  1	   10.0000	  -50.0000	 -0.002366	 -0.004732	  0.002366	    0.0001
  1	   20.0000	  -50.0000	 -0.003135	  -0.00627	  0.003135	    0.0001
  1	   30.0000	  -50.0000	 -0.003602	 -0.007204	  0.003602	    0.0001
  1	   40.0000	  -50.0000	 -0.003695	 -0.007391	  0.003696	    0.0001
  1	   50.0000	  -50.0000	 -0.003514	 -0.007027	  0.003513	    0.0001
  1	  -50.0000	  -40.0000	 0.0001529	 0.0003058	-0.0001529	    0.0001
  1	  -40.0000	  -40.0000	-0.0002501	-0.0005002	 0.0002501	    0.0001
  1	  -30.0000	  -40.0000	 -0.000683	 -0.001366	  0.000683	    0.0001
  1	  -20.0000	  -40.0000	 -0.001024	 -0.002047	  0.001023	    0.0001
  1	  -10.0000	  -40.0000	 -0.001405	 -0.002809	  0.001404	    0.0001
  1	   -0.0000	  -40.0000	 -0.002329	 -0.004657	  0.002328	    0.0001
  1	   10.0000	  -40.0000	 -0.003822	 -0.007644	  0.003822	    0.0001
  1	   20.0000	  -40.0000	 -0.005074	  -0.01015	  0.005075	    0.0001
  1	   30.0000	  -40.0000	 -0.005516	  -0.01103	  0.005517	    0.0001
  1	   40.0000	  -40.0000	 -0.005265	  -0.01053	  0.005265	    0.0001
  1	   50.0000	  -40.0000	 -0.004672	 -0.009343	  0.004671	    0.0001
  1	  -50.0000	  -30.0000	 0.0008552	   0.00171	-0.0008551	    0.0001
  1	  -40.0000	  -30.0000	 0.0003207	 0.0006413	-0.0003206	    0.0001
  1	  -30.0000	  -30.0000	 -0.000477	-0.0009541	 0.0004771	    0.0001
  1	  -20.0000	  -30.0000	 -0.001224	 -0.002448	  0.001224	    0.0001
  1	  -10.0000	  -30.0000	 -0.001859	 -0.003717	  0.001858	    0.0001
  1	    0.0000	  -30.0000	 -0.003789	 -0.007578	  0.003789	    0.0001
  1	   10.0000	  -30.0000	 -0.007025	  -0.01405	  0.007025	    0.0001
  1	   20.0000	  -30.0000	 -0.008886	  -0.01777	  0.008886	    0.0001
  1	   30.0000	  -30.0000	 -0.008664	  -0.01733	  0.008664	    0.0001
  1	   40.0000	  -30.0000	  -0.00743	  -0.01486	   0.00743	    0.0001
  1	   50.0000	  -30.0000	 -0.006044	  -0.01209	  0.006044	    0.0001
  1	  -50.0000	  -20.0000	  0.002282	  0.004563	 -0.002281	    0.0001
  1	  -40.0000	  -20.0000	  0.001946	  0.003892	 -0.001946	    0.0001
  1	  -30.0000	  -20.0000	 0.0008015	  0.001603	-0.0008015	    0.0001
  1	  -20.0000	  -20.0000	 -0.001062	 -0.002123	  0.001061	    0.0001
  1	  -10.0000	  -20.0000	 -0.002431	 -0.004862	  0.002431	    0.0001
  1	   -0.0000	  -20.0000	 -0.007405	  -0.01481	  0.007405	    0.0001
  1	   10.0000	  -20.0000	  -0.01527	  -0.03054	   0.01527	    0.0001
  1	   20.0000	  -20.0000	  -0.01637	  -0.03275	   0.01638	    0.0001
  1	   30.0000	  -20.0000	  -0.01329	  -0.02659	    0.0133	    0.0001
  1	   40.0000	  -20.0000	 -0.009929	  -0.01986	  0.009928	    0.0001
  1	   50.0000	  -20.0000	 -0.007344	  -0.01469	  0.007344	    0.0001
  1	  -50.0000	  -10.0000	   0.00464	  0.009281	 -0.004641	    0.0001
  1	  -40.0000	  -10.0000	   0.00556	   0.01112	 -0.005559	    0.0001
  1	  -30.0000	  -10.0000	  0.005657	   0.01131	 -0.005656	    0.0001
  1	  -20.0000	  -10.0000	  0.002379	  0.004758	 -0.002379	    0.0001
  1	  -10.0000	  -10.0000	 -0.003243	 -0.006485	  0.003242	    0.0001
  1	   -0.0000	  -10.0000	  -0.02028	  -0.04055	   0.02027	    0.0001
  1	   10.0000	  -10.0000	  -0.03654	  -0.07307	   0.03653	    0.0001
  1	   20.0000	  -10.0000	  -0.02773	  -0.05545	   0.02772	    0.0001
  1	   30.0000	  -10.0000	  -0.01786	  -0.03572	   0.01786	    0.0001
  1	   40.0000	  -10.0000	  -0.01167	  -0.02334	   0.01167	    0.0001
  1	   50.0000	  -10.0000	 -0.007989	  -0.01598	  0.007989	    0.0001
  1	  -50.0000	    0.0000	  0.007438	   0.01488	 -0.007437	    0.0001
  1	  -40.0000	    0.0000	   0.01084	   0.02168	  -0.01084	    0.0001
  1	  -30.0000	   -0.0000	   0.01634	   0.03268	  -0.01634	    0.0001
  1	  -20.0000	    0.0000	   0.02125	    0.0425	  -0.02125	    0.0001
  1	  -10.0000	    0.0000	  -0.02218	  -0.04437	   0.02219	    0.0001
  1	    0.0000	    0.0000	  -0.03133	  -0.06266	   0.03133	    0.0001
  1	   10.0000	   -0.0000	   -0.0494	   -0.0988	    0.0494	    0.0001
  1	   20.0000	   -0.0000	  -0.03021	  -0.06042	   0.03021	    0.0001
  1	   30.0000	    0.0000	   -0.0175	    -0.035	    0.0175	    0.0001
  1	   40.0000	   -0.0000	  -0.01094	  -0.02188	   0.01094	    0.0001
  1	   50.0000	   -0.0000	 -0.007367	  -0.01473	  0.007368	    0.0001
  1	  -50.0000	   10.0000	  0.009291	   0.01858	 -0.009291	    0.0001
  1	  -40.0000	   10.0000	   0.01429	   0.02857	  -0.01428	    0.0001
  1	  -30.0000	   10.0000	   0.02347	   0.04694	  -0.02347	    0.0001
  1	  -20.0000	   10.0000	   0.03602	   0.07203	  -0.03601	    0.0001
  1	  -10.0000	   10.0000	  -0.03577	  -0.07153	   0.03576	    0.0001
  1	    0.0000	   10.0000	   0.07267	    0.1453	  -0.07267	    0.0001
  1	   10.0000	   10.0000	  0.008387	   0.01677	 -0.008388	    0.0001
  1	   20.0000	   10.0000	  -0.01082	  -0.02163	   0.01081	    0.0001
  1	   30.0000	   10.0000	 -0.009922	  -0.01984	  0.009922	    0.0001
  1	   40.0000	   10.0000	 -0.007403	  -0.01481	  0.007404	    0.0001
  1	   50.0000	   10.0000	 -0.005478	  -0.01096	  0.005477	    0.0001
  1	  -50.0000	   20.0000	  0.009204	   0.01841	 -0.009203	    0.0001
  1	  -40.0000	   20.0000	   0.01318	   0.02636	  -0.01318	    0.0001
  1	  -30.0000	   20.0000	   0.01845	    0.0369	  -0.01845	    0.0001
  1	  -20.0000	   20.0000	   0.01938	   0.03875	  -0.01937	    0.0001
  1	  -10.0000	   20.0000	  0.000328	 0.0006559	-0.0003279	    0.0001
  1	    0.0000	   20.0000	   0.02195	   0.04389	  -0.02194	    0.0001
  1	   10.0000	   20.0000	   0.02087	   0.04174	  -0.02087	    0.0001
  1	   20.0000	   20.0000	  0.004232	  0.008464	 -0.004232	    0.0001
  1	   30.0000	   20.0000	 -0.001873	 -0.003746	  0.001873	    0.0001
  1	   40.0000	   20.0000	 -0.003196	 -0.006391	  0.003195	    0.0001
  1	   50.0000	   20.0000	 -0.003131	 -0.006263	  0.003132	    0.0001
  1	  -50.0000	   30.0000	  0.007655	   0.01531	 -0.007656	    0.0001
  1	  -40.0000	   30.0000	  0.009633	   0.01927	 -0.009634	    0.0001
  1	  -30.0000	   30.0000	   0.01083	   0.02166	  -0.01083	    0.0001
  1	  -20.0000	   30.0000	  0.008517	   0.01703	 -0.008517	    0.0001
  1	  -10.0000	   30.0000	  0.003332	  0.006663	 -0.003331	    0.0001
  1	   -0.0000	   30.0000	   0.00661	   0.01322	  -0.00661	    0.0001
  1	   10.0000	   30.0000	  0.009731	   0.01946	 -0.009731	    0.0001
  1	   20.0000	   30.0000	  0.005701	    0.0114	   -0.0057	    0.0001
  1	   30.0000	   30.0000	  0.001675	   0.00335	 -0.001675	    0.0001
  1	   40.0000	   30.0000	-0.0004005	-0.0008009	 0.0004004	    0.0001
  1	   50.0000	   30.0000	 -0.001228	 -0.002457	  0.001229	    0.0001
  1	  -50.0000	   40.0000	  0.005744	   0.01149	 -0.005745	    0.0001
  1	  -40.0000	   40.0000	  0.006375	   0.01275	 -0.006375	    0.0001
  1	  -30.0000	   40.0000	  0.006117	   0.01223	 -0.006117	    0.0001
  1	  -20.0000	   40.0000	  0.004433	  0.008867	 -0.004434	    0.0001
  1	  -10.0000	   40.0000	  0.002628	  0.005257	 -0.002629	    0.0001
  1	    0.0000	   40.0000	  0.003239	  0.006479	  -0.00324	    0.0001
  1	   10.0000	   40.0000	  0.004529	  0.009059	  -0.00453	    0.0001
  1	   20.0000	   40.0000	  0.003879	  0.007759	  -0.00388	    0.0001
  1	   30.0000	   40.0000	   0.00221	  0.004421	 -0.002211	    0.0001
  1	   40.0000	   40.0000	 0.0007882	  0.001576	-0.0007883	    0.0001
  1	   50.0000	   40.0000	-9.291e-05	-0.0001858	 9.291e-05	    0.0001
  1	  -50.0000	   50.0000	  0.004127	  0.008254	 -0.004127	    0.0001
  1	  -40.0000	   50.0000	  0.004167	  0.008334	 -0.004167	    0.0001
  1	  -30.0000	   50.0000	  0.003674	  0.007347	 -0.003673	    0.0001
  1	  -20.0000	   50.0000	  0.002698	  0.005396	 -0.002698	    0.0001
  1	  -10.0000	   50.0000	   0.00191	   0.00382	  -0.00191	    0.0001
  1	    0.0000	   50.0000	  0.001996	  0.003991	 -0.001995	    0.0001
  1	   10.0000	   50.0000	  0.002478	  0.004956	 -0.002478	    0.0001
  1	   20.0000	   50.0000	  0.002447	  0.004894	 -0.002447	    0.0001
  1	   30.0000	   50.0000	  0.001836	  0.003673	 -0.001837	    0.0001
  1	   40.0000	   50.0000	  0.001068	  0.002135	 -0.001067	    0.0001
  1	   50.0000	   50.0000	 0.0004269	 0.0008539	 -0.000427	    0.0001
  2	  -50.0000	  -50.0000	-0.0008815	 -0.001763	 0.0008815	    0.0001
  2	  -40.0000	  -50.0000	 -0.001086	 -0.002172	  0.001086	    0.0001
  2	  -30.0000	  -50.0000	 -0.001138	 -0.002276	  0.001138	    0.0001
  2	  -20.0000	  -50.0000	-0.0007778	 -0.001556	 0.0007778	    0.0001
  2	  -10.0000	  -50.0000	 0.0002109	 0.0004218	-0.0002109	    0.0001
  2	   -0.0000	  -50.0000	  0.001668	  0.003335	 -0.001667	    0.0001
  2	   10.0000	  -50.0000	  0.003004	  0.006008	 -0.003004	    0.0001
  2	   20.0000	  -50.0000	  0.003708	  0.007416	 -0.003708	    0.0001
  2	   30.0000	  -50.0000	  0.003732	  0.007465	 -0.003733	    0.0001
  2	   40.0000	  -50.0000	  0.003341	  0.006682	 -0.003341	    0.0001
  2	   50.0000	  -50.0000	  0.002804	  0.005609	 -0.002805	    0.0001
  2	  -50.0000	  -40.0000	-0.0009235	 -0.001847	 0.0009235	    0.0001
  2	  -40.0000	  -40.0000	 -0.001279	 -0.002558	  0.001279	    0.0001
  2	  -30.0000	  -40.0000	 -0.001552	 -0.003103	  0.001551	    0.0001
  2	  -20.0000	  -40.0000	 -0.001245	  -0.00249	  0.001245	    0.0001
  2	  -10.0000	  -40.0000	 0.0003102	 0.0006204	-0.0003102	    0.0001
  2	   -0.0000	  -40.0000	  0.002934	  0.005867	 -0.002933	    0.0001
  2	   10.0000	  -40.0000	  0.005134	   0.01027	 -0.005134	    0.0001
  2	   20.0000	  -40.0000	  0.005812	   0.01162	 -0.005811	    0.0001
  2	   30.0000	  -40.0000	  0.005269	   0.01054	 -0.005269	    0.0001
  2	   40.0000	  -40.0000	  0.004276	  0.008551	 -0.004275	    0.0001
  2	   50.0000	  -40.0000	  0.003307	  0.006615	 -0.003308	    0.0001
  2	  -50.0000	  -30.0000	-0.0008568	 -0.001714	 0.0008567	    0.0001
  2	  -40.0000	  -30.0000	 -0.001343	 -0.002685	  0.001342	    0.0001
  2	  -30.0000	  -30.0000	 -0.001989	 -0.003978	  0.001989	    0.0001
  2	  -20.0000	  -30.0000	 -0.002057	 -0.004114	  0.002057	    0.0001
  2	  -10.0000	  -30.0000	 0.0004403	 0.0008806	-0.0004403	    0.0001
  2	    0.0000	  -30.0000	  0.005795	   0.01159	 -0.005794	    0.0001
  2	   10.0000	  -30.0000	    0.0095	     0.019	   -0.0095	    0.0001
  2	   20.0000	  -30.0000	  0.009264	   0.01853	 -0.009264	    0.0001
  2	   30.0000	  -30.0000	  0.007201	    0.0144	 -0.007201	    0.0001
  2	   40.0000	  -30.0000	  0.005156	   0.01031	 -0.005155	    0.0001
  2	   50.0000	  -30.0000	  0.003638	  0.007277	 -0.003639	    0.0001
  2	  -50.0000	  -20.0000	-0.0006966	 -0.001393	 0.0006966	    0.0001
  2	  -40.0000	  -20.0000	 -0.001135	  -0.00227	  0.001135	    0.0001
  2	  -30.0000	  -20.0000	   -0.0021	 -0.004199	  0.002099	    0.0001
  2	  -20.0000	  -20.0000	 -0.003273	 -0.006547	  0.003274	    0.0001
  2	  -10.0000	  -20.0000	 0.0003849	 0.0007699	 -0.000385	    0.0001
  2	   -0.0000	  -20.0000	   0.01333	   0.02666	  -0.01333	    0.0001
  2	   10.0000	  -20.0000	   0.01865	    0.0373	  -0.01865	    0.0001
  2	   20.0000	  -20.0000	   0.01403	   0.02806	  -0.01403	    0.0001
  2	   30.0000	  -20.0000	  0.008833	   0.01767	 -0.008833	    0.0001
  2	   40.0000	  -20.0000	  0.005497	   0.01099	 -0.005497	    0.0001
  2	   50.0000	  -20.0000	   0.00356	  0.007119	 -0.003559	    0.0001
  2	  -50.0000	  -10.0000	-0.0006832	 -0.001366	 0.0006833	    0.0001
  2	  -40.0000	  -10.0000	-0.0008653	 -0.001731	 0.0008654	    0.0001
  2	  -30.0000	  -10.0000	 -0.001452	 -0.002905	  0.001453	    0.0001
  2	  -20.0000	  -10.0000	 -0.003788	 -0.007577	  0.003789	    0.0001
  2	  -10.0000	  -10.0000	 -0.002363	 -0.004726	  0.002363	    0.0001
  2	   -0.0000	  -10.0000	   0.03365	    0.0673	  -0.03365	    0.0001
  2	   10.0000	  -10.0000	   0.03217	   0.06435	  -0.03218	    0.0001
  2	   20.0000	  -10.0000	    0.0165	     0.033	   -0.0165	    0.0001
  2	   30.0000	  -10.0000	  0.008367	   0.01673	 -0.008367	    0.0001
  2	   40.0000	  -10.0000	  0.004698	  0.009397	 -0.004699	    0.0001
  2	   50.0000	  -10.0000	  0.002915	  0.005829	 -0.002914	    0.0001
  2	  -50.0000	    0.0000	 -0.001266	 -0.002533	  0.001267	    0.0001
  2	  -40.0000	    0.0000	  -0.00165	 -0.003299	  0.001649	    0.0001
  2	  -30.0000	   -0.0000	 -0.002181	 -0.004363	  0.002182	    0.0001
  2	  -20.0000	    0.0000	 -0.003601	 -0.007201	    0.0036	    0.0001
  2	  -10.0000	    0.0000	  -0.02163	  -0.04325	   0.02162	    0.0001
  2	    0.0000	    0.0000	   0.02488	   0.04976	  -0.02488	    0.0001
  2	   10.0000	   -0.0000	   0.02189	   0.04379	   -0.0219	    0.0001
  2	   20.0000	   -0.0000	  0.009659	   0.01932	 -0.009658	    0.0001
  2	   30.0000	    0.0000	  0.004893	  0.009785	 -0.004892	    0.0001
  2	   40.0000	   -0.0000	  0.002893	  0.005785	 -0.002892	    0.0001
  2	   50.0000	   -0.0000	  0.001903	  0.003807	 -0.001904	    0.0001
  2	  -50.0000	   10.0000	 -0.002508	 -0.005015	  0.002507	    0.0001
  2	  -40.0000	   10.0000	  -0.00404	 -0.008079	  0.004039	    0.0001
  2	  -30.0000	   10.0000	 -0.007346	  -0.01469	  0.007346	    0.0001
  2	  -20.0000	   10.0000	  -0.01426	  -0.02851	   0.01425	    0.0001
  2	  -10.0000	   10.0000	   0.03441	   0.06881	   -0.0344	    0.0001
  2	    0.0000	   10.0000	     0.103	     0.206	    -0.103	    0.0001
  2	   10.0000	   10.0000	    0.0166	   0.03319	  -0.01659	    0.0001
  2	   20.0000	   10.0000	  0.004026	  0.008051	 -0.004025	    0.0001
  2	   30.0000	   10.0000	   0.00209	   0.00418	  -0.00209	    0.0001
  2	   40.0000	   10.0000	  0.001439	  0.002879	  -0.00144	    0.0001
  2	   50.0000	   10.0000	   0.00108	  0.002161	 -0.001081	    0.0001
  2	  -50.0000	   20.0000	 -0.003666	 -0.007332	  0.003666	    0.0001
  2	  -40.0000	   20.0000	 -0.005948	   -0.0119	  0.005947	    0.0001
  2	  -30.0000	   20.0000	  -0.01001	  -0.02002	   0.01001	    0.0001
  2	  -20.0000	   20.0000	  -0.01307	  -0.02615	   0.01308	    0.0001
  2	  -10.0000	   20.0000	   0.02139	   0.04278	  -0.02139	    0.0001
  2	    0.0000	   20.0000	   0.07056	    0.1411	  -0.07056	    0.0001
  2	   10.0000	   20.0000	   0.02885	    0.0577	  -0.02885	    0.0001
  2	   20.0000	   20.0000	  0.007865	   0.01573	 -0.007865	    0.0001
  2	   30.0000	   20.0000	  0.002663	  0.005326	 -0.002663	    0.0001
  2	   40.0000	   20.0000	  0.001294	  0.002588	 -0.001294	    0.0001
  2	   50.0000	   20.0000	 0.0008309	  0.001662	-0.0008309	    0.0001
  2	  -50.0000	   30.0000	 -0.004041	 -0.008083	  0.004042	    0.0001
  2	  -40.0000	   30.0000	 -0.005862	  -0.01172	  0.005862	    0.0001
  2	  -30.0000	   30.0000	 -0.007786	  -0.01557	  0.007785	    0.0001
  2	  -20.0000	   30.0000	 -0.006124	  -0.01225	  0.006125	    0.0001
  2	  -10.0000	   30.0000	  0.007808	   0.01562	 -0.007808	    0.0001
  2	   -0.0000	   30.0000	   0.02353	   0.04706	  -0.02353	    0.0001
  2	   10.0000	   30.0000	   0.01861	   0.03721	   -0.0186	    0.0001
  2	   20.0000	   30.0000	  0.008904	   0.01781	 -0.008904	    0.0001
  2	   30.0000	   30.0000	  0.003867	  0.007735	 -0.003868	    0.0001
  2	   40.0000	   30.0000	  0.001834	  0.003667	 -0.001833	    0.0001
  2	   50.0000	   30.0000	  0.001013	  0.002027	 -0.001014	    0.0001
  2	  -50.0000	   40.0000	 -0.003686	 -0.007372	  0.003686	    0.0001
  2	  -40.0000	   40.0000	 -0.004642	 -0.009284	  0.004642	    0.0001
  2	  -30.0000	   40.0000	 -0.004921	 -0.009843	  0.004922	    0.0001
  2	  -20.0000	   40.0000	 -0.002698	 -0.005397	  0.002699	    0.0001
  2	  -10.0000	   40.0000	  0.003449	  0.006897	 -0.003448	    0.0001
  2	    0.0000	   40.0000	   0.00957	   0.01914	 -0.009569	    0.0001
  2	   10.0000	   40.0000	   0.01005	    0.0201	  -0.01005	    0.0001
  2	   20.0000	   40.0000	  0.006899	    0.0138	 -0.006898	    0.0001
  2	   30.0000	   40.0000	  0.003959	  0.007918	 -0.003959	    0.0001
  2	   40.0000	   40.0000	  0.002194	  0.004389	 -0.002195	    0.0001
  2	   50.0000	   40.0000	  0.001268	  0.002535	 -0.001267	    0.0001
  2	  -50.0000	   50.0000	 -0.003015	 -0.006029	  0.003014	    0.0001
  2	  -40.0000	   50.0000	 -0.003341	 -0.006681	   0.00334	    0.0001
  2	  -30.0000	   50.0000	 -0.002985	 -0.005971	  0.002986	    0.0001
  2	  -20.0000	   50.0000	 -0.001286	 -0.002572	  0.001286	    0.0001
  2	  -10.0000	   50.0000	  0.001783	  0.003566	 -0.001783	    0.0001
  2	    0.0000	   50.0000	  0.004682	  0.009364	 -0.004682	    0.0001
  2	   10.0000	   50.0000	  0.005632	   0.01126	 -0.005632	    0.0001
  2	   20.0000	   50.0000	   0.00477	  0.009541	 -0.004771	    0.0001
  2	   30.0000	   50.0000	  0.003357	  0.006713	 -0.003356	    0.0001
  2	   40.0000	   50.0000	  0.002177	  0.004354	 -0.002177	    0.0001
  2	   50.0000	   50.0000	  0.001389	  0.002779	  -0.00139	    0.0001
  3	  -50.0000	  -50.0000	-0.0008662	 -0.001732	 0.0008663	    0.0001
  3	  -40.0000	  -50.0000	 -0.001064	 -0.002128	  0.001064	    0.0001
  3	  -30.0000	  -50.0000	 -0.001233	 -0.002466	  0.001233	    0.0001
  3	  -20.0000	  -50.0000	 -0.001315	  -0.00263	  0.001315	    0.0001
  3	  -10.0000	  -50.0000	 -0.001257	 -0.002515	  0.001258	    0.0001
  3	   -0.0000	  -50.0000	 -0.001045	 -0.002091	  0.001046	    0.0001
  3	   10.0000	  -50.0000	-0.0007233	 -0.001447	 0.0007233	    0.0001
  3	   20.0000	  -50.0000	 -0.000375	  -0.00075	  0.000375	    0.0001
  3	   30.0000	  -50.0000	-7.843e-05	-0.0001569	 7.844e-05	    0.0001
  3	   40.0000	  -50.0000	 0.0001297	 0.0002594	-0.0001297	    0.0001
  3	   50.0000	  -50.0000	 0.0002524	 0.0005047	-0.0002523	    0.0001
  3	  -50.0000	  -40.0000	-0.0009541	 -0.001908	  0.000954	    0.0001
  3	  -40.0000	  -40.0000	 -0.001261	 -0.002522	  0.001261	    0.0001
  3	  -30.0000	  -40.0000	 -0.001573	 -0.003145	  0.001572	    0.0001
  3	  -20.0000	  -40.0000	 -0.001797	 -0.003594	  0.001797	    0.0001
  3	  -10.0000	  -40.0000	 -0.001826	 -0.003651	  0.001825	    0.0001
  3	   -0.0000	  -40.0000	 -0.001596	 -0.003192	  0.001596	    0.0001
  3	   10.0000	  -40.0000	 -0.001137	 -0.002274	  0.001137	    0.0001
  3	   20.0000	  -40.0000	-0.0005975	 -0.001195	 0.0005976	    0.0001
  3	   30.0000	  -40.0000	-0.0001472	-0.0002944	 0.0001472	    0.0001
  3	   40.0000	  -40.0000	 0.0001437	 0.0002873	-0.0001436	    0.0001
  3	   50.0000	  -40.0000	 0.0002953	 0.0005907	-0.0002954	    0.0001
  3	  -50.0000	  -30.0000	-0.0009905	 -0.001981	 0.0009906	    0.0001
  3	  -40.0000	  -30.0000	 -0.001442	 -0.002885	  0.001443	    0.0001
  3	  -30.0000	  -30.0000	 -0.001989	 -0.003977	  0.001988	    0.0001
  3	  -20.0000	  -30.0000	 -0.002509	 -0.005019	   0.00251	    0.0001
  3	  -10.0000	  -30.0000	 -0.002847	 -0.005694	  0.002847	    0.0001
  3	    0.0000	  -30.0000	 -0.002817	 -0.005635	  0.002818	    0.0001
  3	   10.0000	  -30.0000	 -0.002167	 -0.004334	  0.002167	    0.0001
  3	   20.0000	  -30.0000	 -0.001166	 -0.002331	  0.001165	    0.0001
  3	   30.0000	  -30.0000	-0.0003569	-0.0007137	 0.0003568	    0.0001
  3	   40.0000	  -30.0000	 0.0001026	 0.0002052	-0.0001026	    0.0001
  3	   50.0000	  -30.0000	  0.000309	  0.000618	 -0.000309	    0.0001
  3	  -50.0000	  -20.0000	-0.0009297	 -0.001859	 0.0009297	    0.0001
  3	  -40.0000	  -20.0000	 -0.001546	 -0.003093	  0.001547	    0.0001
  3	  -30.0000	  -20.0000	  -0.00245	 -0.004901	  0.002451	    0.0001
  3	  -20.0000	  -20.0000	 -0.003525	 -0.007049	  0.003524	    0.0001
  3	  -10.0000	  -20.0000	 -0.004819	 -0.009637	  0.004818	    0.0001
  3	   -0.0000	  -20.0000	 -0.006398	   -0.0128	  0.006399	    0.0001
  3	   10.0000	  -20.0000	 -0.005319	  -0.01064	  0.005319	    0.0001
  3	   20.0000	  -20.0000	 -0.002617	 -0.005234	  0.002617	    0.0001
  3	   30.0000	  -20.0000	-0.0008345	 -0.001669	 0.0008345	    0.0001
  3	   40.0000	  -20.0000	-3.152e-05	-6.304e-05	 3.152e-05	    0.0001
  3	   50.0000	  -20.0000	  0.000271	  0.000542	 -0.000271	    0.0001
  3	  -50.0000	  -10.0000	-0.0007337	 -0.001467	 0.0007337	    0.0001
  3	  -40.0000	  -10.0000	 -0.001498	 -0.002996	  0.001498	    0.0001
  3	  -30.0000	  -10.0000	 -0.002954	 -0.005908	  0.002954	    0.0001
  3	  -20.0000	  -10.0000	 -0.005066	  -0.01013	  0.005066	    0.0001
  3	  -10.0000	  -10.0000	 -0.007671	  -0.01534	  0.007671	    0.0001
  3	   -0.0000	  -10.0000	  -0.02031	  -0.04061	    0.0203	    0.0001
  3	   10.0000	  -10.0000	  -0.01483	  -0.02967	   0.01484	    0.0001
  3	   20.0000	  -10.0000	 -0.005366	  -0.01073	  0.005365	    0.0001
  3	   30.0000	  -10.0000	 -0.001524	 -0.003047	  0.001523	    0.0001
  3	   40.0000	  -10.0000	-0.0002419	-0.0004839	  0.000242	    0.0001
  3	   50.0000	  -10.0000	 0.0001726	 0.0003452	-0.0001726	    0.0001
  3	  -50.0000	    0.0000	-0.0004077	-0.0008154	 0.0004077	    0.0001
  3	  -40.0000	    0.0000	 -0.001228	 -0.002457	  0.001229	    0.0001
  3	  -30.0000	   -0.0000	 -0.003434	 -0.006868	  0.003434	    0.0001
  3	  -20.0000	    0.0000	 -0.008822	  -0.01764	  0.008821	    0.0001
  3	  -10.0000	    0.0000	   0.02633	   0.05267	  -0.02634	    0.0001
  3	    0.0000	    0.0000	  0.006689	   0.01338	 -0.006689	    0.0001
  3	   10.0000	   -0.0000	  -0.01924	  -0.03848	   0.01924	    0.0001
  3	   20.0000	   -0.0000	 -0.006301	   -0.0126	  0.006302	    0.0001
  3	   30.0000	    0.0000	 -0.001787	 -0.003574	  0.001787	    0.0001
  3	   40.0000	   -0.0000	-0.0004166	-0.0008333	 0.0004167	    0.0001
  3	   50.0000	   -0.0000	 2.949e-05	 5.899e-05	 -2.95e-05	    0.0001
  3	  -50.0000	   10.0000	-2.464e-05	-4.929e-05	 2.465e-05	    0.0001
  3	  -40.0000	   10.0000	-0.0006998	   -0.0014	 0.0006997	    0.0001
  3	  -30.0000	   10.0000	 -0.002873	 -0.005746	  0.002873	    0.0001
  3	  -20.0000	   10.0000	 -0.008925	  -0.01785	  0.008925	    0.0001
  3	  -10.0000	   10.0000	     0.072	     0.144	    -0.072	    0.0001
  3	    0.0000	   10.0000	    0.1697	    0.3395	   -0.1698	    0.0001
  3	   10.0000	   10.0000	    0.0116	   0.02319	  -0.01159	    0.0001
  3	   20.0000	   10.0000	 -0.001869	 -0.003738	  0.001869	    0.0001
  3	   30.0000	   10.0000	 -0.001217	 -0.002433	  0.001216	    0.0001
  3	   40.0000	   10.0000	 -0.000488	 -0.000976	  0.000488	    0.0001
  3	   50.0000	   10.0000	-0.0001344	-0.0002687	 0.0001343	    0.0001
  3	  -50.0000	   20.0000	 0.0002944	 0.0005887	-0.0002943	    0.0001
  3	  -40.0000	   20.0000	-9.671e-05	-0.0001934	 9.671e-05	    0.0001
  3	  -30.0000	   20.0000	  -0.00121	  -0.00242	   0.00121	    0.0001
  3	  -20.0000	   20.0000	 -0.002539	 -0.005079	   0.00254	    0.0001
  3	  -10.0000	   20.0000	   0.01198	   0.02397	  -0.01199	    0.0001
  3	    0.0000	   20.0000	   0.03516	   0.07031	  -0.03515	    0.0001
  3	   10.0000	   20.0000	   0.01062	   0.02124	  -0.01062	    0.0001
  3	   20.0000	   20.0000	 0.0005428	  0.001086	-0.0005428	    0.0001
  3	   30.0000	   20.0000	-0.0007241	 -0.001448	  0.000724	    0.0001
  3	   40.0000	   20.0000	-0.0005509	 -0.001102	  0.000551	    0.0001
  3	   50.0000	   20.0000	-0.0003033	-0.0006066	 0.0003033	    0.0001
  3	  -50.0000	   30.0000	 0.0004607	 0.0009213	-0.0004606	    0.0001
  3	  -40.0000	   30.0000	 0.0002699	 0.0005397	-0.0002698	    0.0001
  3	  -30.0000	   30.0000	-0.0001639	-0.0003277	 0.0001638	    0.0001
  3	  -20.0000	   30.0000	-0.0003942	-0.0007884	 0.0003942	    0.0001
  3	  -10.0000	   30.0000	  0.001559	  0.003117	 -0.001558	    0.0001
  3	   -0.0000	   30.0000	  0.004082	  0.008163	 -0.004081	    0.0001
  3	   10.0000	   30.0000	  0.002054	  0.004108	 -0.002054	    0.0001
  3	   20.0000	   30.0000	-0.0001771	-0.0003543	 0.0001772	    0.0001
  3	   30.0000	   30.0000	-0.0007564	 -0.001513	 0.0007565	    0.0001
  3	   40.0000	   30.0000	 -0.000662	 -0.001324	 0.0006619	    0.0001
  3	   50.0000	   30.0000	-0.0004561	-0.0009122	 0.0004561	    0.0001
  3	  -50.0000	   40.0000	 0.0004794	 0.0009588	-0.0004794	    0.0001
  3	  -40.0000	   40.0000	 0.0003554	 0.0007108	-0.0003554	    0.0001
  3	  -30.0000	   40.0000	 0.0001032	 0.0002063	-0.0001031	    0.0001
  3	  -20.0000	   40.0000	-0.0001631	-0.0003261	  0.000163	    0.0001
  3	  -10.0000	   40.0000	 -0.000173	-0.0003459	 0.0001729	    0.0001
  3	    0.0000	   40.0000	-0.0001089	-0.0002178	 0.0001089	    0.0001
  3	   10.0000	   40.0000	-0.0004462	-0.0008924	 0.0004462	    0.0001
  3	   20.0000	   40.0000	-0.0008282	 -0.001656	 0.0008282	    0.0001
  3	   30.0000	   40.0000	-0.0008975	 -0.001795	 0.0008976	    0.0001
  3	   