2

1 0 0.000
2 0 0.000
3 0 0.000
4 1 45.0
5 1 12.0
6 1 10.0
7 1 10.0
8 1 1.0
9 1 1.0

1 0 0.000
2 0 0.000
3 0 0.000
4 1 45.0
5 1 12.0
6 1 10.0
7 1 10.0
8 1 1.0
9 1 1.0

363
0.0 1000000 10

1 -50.0 -50.0 -1.466E-4 1.0E-4 
1 -40.0 -50.0 -4.044E-4 1.0E-4 
1 -30.0 -50.0 -6.39E-4 1.0E-4 
1 -20.0 -50.0 -8.282E-4 1.0E-4 
1 -10.0 -50.0 -0.001078 1.0E-4 
1 -0.0 -50.0 -0.001587 1.0E-4 
1 10.0 -50.0 -0.002366 1.0E-4 
1 20.0 -50.0 -0.003135 1.0E-4 
1 30.0 -50.0 -0.003602 1.0E-4 
1 40.0 -50.0 -0.003695 1.0E-4 
1 50.0 -50.0 -0.003514 1.0E-4 
1 -50.0 -40.0 1.529E-4 1.0E-4 
1 -40.0 -40.0 -2.501E-4 1.0E-4 
1 -30.0 -40.0 -6.83E-4 1.0E-4 
1 -20.0 -40.0 -0.001024 1.0E-4 
1 -10.0 -40.0 -0.001405 1.0E-4 
1 -0.0 -40.0 -0.002329 1.0E-4 
1 10.0 -40.0 -0.003822 1.0E-4 
1 20.0 -40.0 -0.005074 1.0E-4 
1 30.0 -40.0 -0.005516 1.0E-4 
1 40.0 -40.0 -0.005265 1.0E-4 
1 50.0 -40.0 -0.004672 1.0E-4 
1 -50.0 -30.0 8.552E-4 1.0E-4 
1 -40.0 -30.0 3.207E-4 1.0E-4 
1 -30.0 -30.0 -4.77E-4 1.0E-4 
1 -20.0 -30.0 -0.001224 1.0E-4 
1 -10.0 -30.0 -0.001859 1.0E-4 
1 0.0 -30.0 -0.003789 1.0E-4 
1 10.0 -30.0 -0.007025 1.0E-4 
1 20.0 -30.0 -0.008886 1.0E-4 
1 30.0 -30.0 -0.008664 1.0E-4 
1 40.0 -30.0 -0.00743 1.0E-4 
1 50.0 -30.0 -0.006044 1.0E-4 
1 -50.0 -20.0 0.002282 1.0E-4 
1 -40.0 -20.0 0.001946 1.0E-4 
1 -30.0 -20.0 8.015E-4 1.0E-4 
1 -20.0 -20.0 -0.001062 1.0E-4 
1 -10.0 -20.0 -0.002431 1.0E-4 
1 -0.0 -20.0 -0.007405 1.0E-4 
1 10.0 -20.0 -0.01527 1.0E-4 
1 20.0 -20.0 -0.01637 1.0E-4 
1 30.0 -20.0 -0.01329 1.0E-4 
1 40.0 -20.0 -0.009929 1.0E-4 
1 50.0 -20.0 -0.007344 1.0E-4 
1 -50.0 -10.0 0.00464 1.0E-4 
1 -40.0 -10.0 0.00556 1.0E-4 
1 -30.0 -10.0 0.005657 1.0E-4 
1 -20.0 -10.0 0.002379 1.0E-4 
1 -10.0 -10.0 -0.003243 1.0E-4 
1 -0.0 -10.0 -0.02028 1.0E-4 
1 10.0 -10.0 -0.03654 1.0E-4 
1 20.0 -10.0 -0.02773 1.0E-4 
1 30.0 -10.0 -0.01786 1.0E-4 
1 40.0 -10.0 -0.01167 1.0E-4 
1 50.0 -10.0 -0.007989 1.0E-4 
1 -50.0 0.0 0.007438 1.0E-4 
1 -40.0 0.0 0.01084 1.0E-4 
1 -30.0 -0.0 0.01634 1.0E-4 
1 -20.0 0.0 0.02125 1.0E-4 
1 -10.0 0.0 -0.02218 1.0E-4 
1 0.0 0.0 -0.03133 1.0E-4 
1 10.0 -0.0 -0.0494 1.0E-4 
1 20.0 -0.0 -0.03021 1.0E-4 
1 30.0 0.0 -0.0175 1.0E-4 
1 40.0 -0.0 -0.01094 1.0E-4 
1 50.0 -0.0 -0.007367 1.0E-4 
1 -50.0 10.0 0.009291 1.0E-4 
1 -40.0 10.0 0.01429 1.0E-4 
1 -30.0 10.0 0.02347 1.0E-4 
1 -20.0 10.0 0.03602 1.0E-4 
1 -10.0 10.0 -0.03577 1.0E-4 
1 0.0 10.0 0.07267 1.0E-4 
1 10.0 10.0 0.008387 1.0E-4 
1 20.0 10.0 -0.01082 1.0E-4 
1 30.0 10.0 -0.009922 1.0E-4 
1 40.0 10.0 -0.007403 1.0E-4 
1 50.0 10.0 -0.005478 1.0E-4 
1 -50.0 20.0 0.009204 1.0E-4 
1 -40.0 20.0 0.01318 1.0E-4 
1 -30.0 20.0 0.01845 1.0E-4 
1 -20.0 20.0 0.01938 1.0E-4 
1 -10.0 20.0 3.28E-4 1.0E-4 
1 0.0 20.0 0.02195 1.0E-4 
1 10.0 20.0 0.02087 1.0E-4 
1 20.0 20.0 0.004232 1.0E-4 
1 30.0 20.0 -0.001873 1.0E-4 
1 40.0 20.0 -0.003196 1.0E-4 
1 50.0 20.0 -0.003131 1.0E-4 
1 -50.0 30.0 0.007655 1.0E-4 
1 -40.0 30.0 0.009633 1.0E-4 
1 -30.0 30.0 0.01083 1.0E-4 
1 -20.0 30.0 0.008517 1.0E-4 
1 -10.0 30.0 0.003332 1.0E-4 
1 -0.0 30.0 0.00661 1.0E-4 
1 10.0 30.0 0.009731 1.0E-4 
1 20.0 30.0 0.005701 1.0E-4 
1 30.0 30.0 0.001675 1.0E-4 
1 40.0 30.0 -4.005E-4 1.0E-4 
1 50.0 30.0 -0.001228 1.0E-4 
1 -50.0 40.0 0.005744 1.0E-4 
1 -40.0 40.0 0.006375 1.0E-4 
1 -30.0 40.0 0.006117 1.0E-4 
1 -20.0 40.0 0.004433 1.0E-4 
1 -10.0 40.0 0.002628 1.0E-4 
1 0.0 40.0 0.003239 1.0E-4 
1 10.0 40.0 0.004529 1.0E-4 
1 20.0 40.0 0.003879 1.0E-4 
1 30.0 40.0 0.00221 1.0E-4 
1 40.0 40.0 7.882E-4 1.0E-4 
1 50.0 40.0 -9.291E-5 1.0E-4 
1 -50.0 50.0 0.004127 1.0E-4 
1 -40.0 50.0 0.004167 1.0E-4 
1 -30.0 50.0 0.003674 1.0E-4 
1 -20.0 50.0 0.002698 1.0E-4 
1 -10.0 50.0 0.00191 1.0E-4 
1 0.0 50.0 0.001996 1.0E-4 
1 10.0 50.0 0.002478 1.0E-4 
1 20.0 50.0 0.002447 1.0E-4 
1 30.0 50.0 0.001836 1.0E-4 
1 40.0 50.0 0.001068 1.0E-4 
1 50.0 50.0 4.269E-4 1.0E-4 
2 -50.0 -50.0 -8.815E-4 1.0E-4 
2 -40.0 -50.0 -0.001086 1.0E-4 
2 -30.0 -50.0 -0.001138 1.0E-4 
2 -20.0 -50.0 -7.778E-4 1.0E-4 
2 -10.0 -50.0 2.109E-4 1.0E-4 
2 -0.0 -50.0 0.001668 1.0E-4 
2 10.0 -50.0 0.003004 1.0E-4 
2 20.0 -50.0 0.003708 1.0E-4 
2 30.0 -50.0 0.003732 1.0E-4 
2 40.0 -50.0 0.003341 1.0E-4 
2 50.0 -50.0 0.002804 1.0E-4 
2 -50.0 -40.0 -9.235E-4 1.0E-4 
2 -40.0 -40.0 -0.001279 1.0E-4 
2 -30.0 -40.0 -0.001552 1.0E-4 
2 -20.0 -40.0 -0.001245 1.0E-4 
2 -10.0 -40.0 3.102E-4 1.0E-4 
2 -0.0 -40.0 0.002934 1.0E-4 
2 10.0 -40.0 0.005134 1.0E-4 
2 20.0 -40.0 0.005812 1.0E-4 
2 30.0 -40.0 0.005269 1.0E-4 
2 40.0 -40.0 0.004276 1.0E-4 
2 50.0 -40.0 0.003307 1.0E-4 
2 -50.0 -30.0 -8.568E-4 1.0E-4 
2 -40.0 -30.0 -0.001343 1.0E-4 
2 -30.0 -30.0 -0.001989 1.0E-4 
2 -20.0 -30.0 -0.002057 1.0E-4 
2 -10.0 -30.0 4.403E-4 1.0E-4 
2 0.0 -30.0 0.005795 1.0E-4 
2 10.0 -30.0 0.0095 1.0E-4 
2 20.0 -30.0 0.009264 1.0E-4 
2 30.0 -30.0 0.007201 1.0E-4 
2 40.0 -30.0 0.005156 1.0E-4 
2 50.0 -30.0 0.003638 1.0E-4 
2 -50.0 -20.0 -6.966E-4 1.0E-4 
2 -40.0 -20.0 -0.001135 1.0E-4 
2 -30.0 -20.0 -0.0021 1.0E-4 
2 -20.0 -20.0 -0.003273 1.0E-4 
2 -10.0 -20.0 3.849E-4 1.0E-4 
2 -0.0 -20.0 0.01333 1.0E-4 
2 10.0 -20.0 0.01865 1.0E-4 
2 20.0 -20.0 0.01403 1.0E-4 
2 30.0 -20.0 0.008833 1.0E-4 
2 40.0 -20.0 0.005497 1.0E-4 
2 50.0 -20.0 0.00356 1.0E-4 
2 -50.0 -10.0 -6.832E-4 1.0E-4 
2 -40.0 -10.0 -8.653E-4 1.0E-4 
2 -30.0 -10.0 -0.001452 1.0E-4 
2 -20.0 -10.0 -0.003788 1.0E-4 
2 -10.0 -10.0 -0.002363 1.0E-4 
2 -0.0 -10.0 0.03365 1.0E-4 
2 10.0 -10.0 0.03217 1.0E-4 
2 20.0 -10.0 0.0165 1.0E-4 
2 30.0 -10.0 0.008367 1.0E-4 
2 40.0 -10.0 0.004698 1.0E-4 
2 50.0 -10.0 0.002915 1.0E-4 
2 -50.0 0.0 -0.001266 1.0E-4 
2 -40.0 0.0 -0.00165 1.0E-4 
2 -30.0 -0.0 -0.002181 1.0E-4 
2 -20.0 0.0 -0.003601 1.0E-4 
2 -10.0 0.0 -0.02163 1.0E-4 
2 0.0 0.0 0.02488 1.0E-4 
2 10.0 -0.0 0.02189 1.0E-4 
2 20.0 -0.0 0.009659 1.0E-4 
2 30.0 0.0 0.004893 1.0E-4 
2 40.0 -0.0 0.002893 1.0E-4 
2 50.0 -0.0 0.001903 1.0E-4 
2 -50.0 10.0 -0.002508 1.0E-4 
2 -40.0 10.0 -0.00404 1.0E-4 
2 -30.0 10.0 -0.007346 1.0E-4 
2 -20.0 10.0 -0.01426 1.0E-4 
2 -10.0 10.0 0.03441 1.0E-4 
2 0.0 10.0 0.103 1.0E-4 
2 10.0 10.0 0.0166 1.0E-4 
2 20.0 10.0 0.004026 1.0E-4 
2 30.0 10.0 0.00209 1.0E-4 
2 40.0 10.0 0.001439 1.0E-4 
2 50.0 10.0 0.00108 1.0E-4 
2 -50.0 20.0 -0.003666 1.0E-4 
2 -40.0 20.0 -0.005948 1.0E-4 
2 -30.0 20.0 -0.01001 1.0E-4 
2 -20.0 20.0 -0.01307 1.0E-4 
2 -10.0 20.0 0.02139 1.0E-4 
2 0.0 20.0 0.07056 1.0E-4 
2 10.0 20.0 0.02885 1.0E-4 
2 20.0 20.0 0.007865 1.0E-4 
2 30.0 20.0 0.002663 1.0E-4 
2 40.0 20.0 0.001294 1.0E-4 
2 50.0 20.0 8.309E-4 1.0E-4 
2 -50.0 30.0 -0.004041 1.0E-4 
2 -40.0 30.0 -0.005862 1.0E-4 
2 -30.0 30.0 -0.007786 1.0E-4 
2 -20.0 30.0 -0.006124 1.0E-4 
2 -10.0 30.0 0.007808 1.0E-4 
2 -0.0 30.0 0.02353 1.0E-4 
2 10.0 30.0 0.01861 1.0E-4 
2 20.0 30.0 0.008904 1.0E-4 
2 30.0 30.0 0.003867 1.0E-4 
2 40.0 30.0 0.001834 1.0E-4 
2 50.0 30.0 0.001013 1.0E-4 
2 -50.0 40.0 -0.003686 1.0E-4 
2 -40.0 40.0 -0.004642 1.0E-4 
2 -30.0 40.0 -0.004921 1.0E-4 
2 -20.0 40.0 -0.002698 1.0E-4 
2 -10.0 40.0 0.003449 1.0E-4 
2 0.0 40.0 0.00957 1.0E-4 
2 10.0 40.0 0.01005 1.0E-4 
2 20.0 40.0 0.006899 1.0E-4 
2 30.0 40.0 0.003959 1.0E-4 
2 40.0 40.0 0.002194 1.0E-4 
2 50.0 40.0 0.001268 1.0E-4 
2 -50.0 50.0 -0.003015 1.0E-4 
2 -40.0 50.0 -0.003341 1.0E-4 
2 -30.0 50.0 -0.002985 1.0E-4 
2 -20.0 50.0 -0.001286 1.0E-4 
2 -10.0 50.0 0.001783 1.0E-4 
2 0.0 50.0 0.004682 1.0E-4 
2 10.0 50.0 0.005632 1.0E-4 
2 20.0 50.0 0.00477 1.0E-4 
2 30.0 50.0 0.003357 1.0E-4 
2 40.0 50.0 0.002177 1.0E-4 
2 50.0 50.0 0.001389 1.0E-4 
3 -50.0 -50.0 -8.662E-4 1.0E-4 
3 -40.0 -50.0 -0.001064 1.0E-4 
3 -30.0 -50.0 -0.001233 1.0E-4 
3 -20.0 -50.0 -0.001315 1.0E-4 
3 -10.0 -50.0 -0.001257 1.0E-4 
3 -0.0 -50.0 -0.001045 1.0E-4 
3 10.0 -50.0 -7.233E-4 1.0E-4 
3 20.0 -50.0 -3.75E-4 1.0E-4 
3 30.0 -50.0 -7.843E-5 1.0E-4 
3 40.0 -50.0 1.297E-4 1.0E-4 
3 50.0 -50.0 2.524E-4 1.0E-4 
3 -50.0 -40.0 -9.541E-4 1.0E-4 
3 -40.0 -40.0 -0.001261 1.0E-4 
3 -30.0 -40.0 -0.001573 1.0E-4 
3 -20.0 -40.0 -0.001797 1.0E-4 
3 -10.0 -40.0 -0.001826 1.0E-4 
3 -0.0 -40.0 -0.001596 1.0E-4 
3 10.0 -40.0 -0.001137 1.0E-4 
3 20.0 -40.0 -5.975E-4 1.0E-4 
3 30.0 -40.0 -1.472E-4 1.0E-4 
3 40.0 -40.0 1.437E-4 1.0E-4 
3 50.0 -40.0 2.953E-4 1.0E-4 
3 -50.0 -30.0 -9.905E-4 1.0E-4 
3 -40.0 -30.0 -0.001442 1.0E-4 
3 -30.0 -30.0 -0.001989 1.0E-4 
3 -20.0 -30.0 -0.002509 1.0E-4 
3 -10.0 -30.0 -0.002847 1.0E-4 
3 0.0 -30.0 -0.002817 1.0E-4 
3 10.0 -30.0 -0.002167 1.0E-4 
3 20.0 -30.0 -0.001166 1.0E-4 
3 30.0 -30.0 -3.569E-4 1.0E-4 
3 40.0 -30.0 1.026E-4 1.0E-4 
3 50.0 -30.0 3.09E-4 1.0E-4 
3 -50.0 -20.0 -9.297E-4 1.0E-4 
3 -40.0 -20.0 -0.001546 1.0E-4 
3 -30.0 -20.0 -0.00245 1.0E-4 
3 -20.0 -20.0 -0.003525 1.0E-4 
3 -10.0 -20.0 -0.004819 1.0E-4 
3 -0.0 -20.0 -0.006398 1.0E-4 
3 10.0 -20.0 -0.005319 1.0E-4 
3 20.0 -20.0 -0.002617 1.0E-4 
3 30.0 -20.0 -8.345E-4 1.0E-4 
3 40.0 -20.0 -3.152E-5 1.0E-4 
3 50.0 -20.0 2.71E-4 1.0E-4 
3 -50.0 -10.0 -7.337E-4 1.0E-4 
3 -40.0 -10.0 -0.001498 1.0E-4 
3 -30.0 -10.0 -0.002954 1.0E-4 
3 -20.0 -10.0 -0.005066 1.0E-4 
3 -10.0 -10.0 -0.007671 1.0E-4 
3 -0.0 -10.0 -0.02031 1.0E-4 
3 10.0 -10.0 -0.01483 1.0E-4 
3 20.0 -10.0 -0.005366 1.0E-4 
3 30.0 -10.0 -0.001524 1.0E-4 
3 40.0 -10.0 -2.419E-4 1.0E-4 
3 50.0 -10.0 1.726E-4 1.0E-4 
3 -50.0 0.0 -4.077E-4 1.0E-4 
3 -40.0 0.0 -0.001228 1.0E-4 
3 -30.0 -0.0 -0.003434 1.0E-4 
3 -20.0 0.0 -0.008822 1.0E-4 
3 -10.0 0.0 0.02633 1.0E-4 
3 0.0 0.0 0.006689 1.0E-4 
3 10.0 -0.0 -0.01924 1.0E-4 
3 20.0 -0.0 -0.006301 1.0E-4 
3 30.0 0.0 -0.001787 1.0E-4 
3 40.0 -0.0 -4.166E-4 1.0E-4 
3 50.0 -0.0 2.949E-5 1.0E-4 
3 -50.0 10.0 -2.464E-5 1.0E-4 
3 -40.0 10.0 -6.998E-4 1.0E-4 
3 -30.0 10.0 -0.002873 1.0E-4 
3 -20.0 10.0 -0.008925 1.0E-4 
3 -10.0 10.0 0.072 1.0E-4 
3 0.0 10.0 0.1697 1.0E-4 
3 10.0 10.0 0.0116 1.0E-4 
3 20.0 10.0 -0.001869 1.0E-4 
3 30.0 10.0 -0.001217 1.0E-4 
3 40.0 10.0 -4.88E-4 1.0E-4 
3 50.0 10.0 -1.344E-4 1.0E-4 
3 -50.0 20.0 2.944E-4 1.0E-4 
3 -40.0 20.0 -9.671E-5 1.0E-4 
3 -30.0 20.0 -0.00121 1.0E-4 
3 -20.0 20.0 -0.002539 1.0E-4 
3 -10.0 20.0 0.01198 1.0E-4 
3 0.0 20.0 0.03516 1.0E-4 
3 10.0 20.0 0.01062 1.0E-4 
3 20.0 20.0 5.428E-4 1.0E-4 
3 30.0 20.0 -7.241E-4 1.0E-4 
3 40.0 20.0 -5.509E-4 1.0E-4 
3 50.0 20.0 -3.033E-4 1.0E-4 
3 -50.0 30.0 4.607E-4 1.0E-4 
3 -40.0 30.0 2.699E-4 1.0E-4 
3 -30.0 30.0 -1.639E-4 1.0E-4 
3 -20.0 30.0 -3.942E-4 1.0E-4 
3 -10.0 30.0 0.001559 1.0E-4 
3 -0.0 30.0 0.004082 1.0E-4 
3 10.0 30.0 0.002054 1.0E-4 
3 20.0 30.0 -1.771E-4 1.0E-4 
3 30.0 30.0 -7.564E-4 1.0E-4 
3 40.0 30.0 -6.62E-4 1.0E-4 
3 50.0 30.0 -4.561E-4 1.0E-4 
3 -50.0 40.0 4.794E-4 1.0E-4 
3 -40.0 40.0 3.554E-4 1.0E-4 
3 -30.0 40.0 1.032E-4 1.0E-4 
3 -20.0 40.0 -1.631E-4 1.0E-4 
3 -10.0 40.0 -1.73E-4 1.0E-4 
3 0.0 40.0 -1.089E-4 1.0E-4 
3 10.0 40.0 -4.462E-4 1.0E-4 
3 20.0 40.0 -8.282E-4 1.0E-4 
3 30.0 40.0 -8.975E-4 1.0E-4 
3 40.0 40.0 -7.558E-4 1.0E-4 
3 50.0 40.0 -5.646E-4 1.0E-4 
3 -50.0 50.0 4.132E-4 1.0E-4 
3 -40.0 50.0 2.975E-4 1.0E-4 
3 -30.0 50.0 8.479E-5 1.0E-4 
3 -20.0 50.0 -1.993E-4 1.0E-4 
3 -10.0 50.0 -4.807E-4 1.0E-4 
3 0.0 50.0 -7.161E-4 1.0E-4 
3 10.0 50.0 -8.99E-4 1.0E-4 
3 20.0 50.0 -9.784E-4 1.0E-4 
3 30.0 50.0 -9.242E-4 1.0E-4 
3 40.0 50.0 -7.818E-4 1.0E-4 
3 50.0 50.0 -6.152E-4 1.0E-4 
